time	nose_x	nose_y	r_shoulder_x	r_shoulder_y	l_shoulder_x	l_shooulder_t	cursor_x	cursor_y	block	repetition	target	trial	state	comeback	is_blind	at_home	count_mouse	score
0.5222999999969034	0.0	0.0	0.0	0.0	0.0	0.0	600.0	325.0	1	1	0	1	0	1	0	1	0	0
82.58610000000044	0.0	0.0	1.8804124207056	1.0185567278822	1	1	0	1	0	1	0	1	0	0
115.61409999999887	0.0	0.0	1.8804124207056	1.0185567278822	1	1	0	1	0	1	0	1	0	0
149.62709999999788	0.0	0.0	12.22006384865955	6.619201251357257	1	1	0	1	0	1	0	1	0	0
182.7256999999954	0.0	0.0	12.22006384865955	6.619201251357257	1	1	0	1	0	1	0	1	0	0
216.43770000000222	0.0	0.0	39.718490316495824	21.514182254768574	1	1	0	1	0	1	0	1	0	0
250.4415999999983	0.0	0.0	89.57168560328242	48.51799636844464	1	1	0	1	0	1	0	1	0	0
284.42529999999533	0.0	0.0	89.57168560328242	48.51799636844464	1	1	0	1	0	1	0	1	0	0
318.4568999999974	0.0	0.0	162.21541900133394	87.86668529238922	1	1	0	1	0	1	0	1	0	0
352.5544000000009	0.0	0.0	162.21541900133394	87.86668529238922	1	1	0	1	0	1	0	1	0	0
386.56319999999687	0.0	0.0	254.88354653496447	138.0619210397724	1	1	0	1	0	1	0	1	0	0
420.61329999999725	0.0	0.0	362.88174523043244	196.5609453331508	1	1	0	1	0	1	0	1	0	0
454.5709999999963	0.0	0.0	362.88174523043244	196.5609453331508	1	1	0	1	0	1	0	1	0	0
488.616399999999	0.5273659229278564	0.8832622766494751	479.5558904724634	259.5391433886907	1	1	0	1	0	1	0	1	0	0
522.511599999998	0.5273659229278564	0.8832622766494751	479.5558904724634	259.5391433886907	1	1	0	1	0	1	0	1	0	0
556.4994999999981	0.546859085559845	0.8836492896080017	595.5570415345817	321.02565177070255	1	1	0	1	0	1	0	1	0	0
590.494399999996	0.546859085559845	0.8836492896080017	595.5570415345817	321.02565177070255	1	1	0	1	0	1	0	1	0	0
624.5334999999977	0.5402224063873291	0.8785131573677063	700.9110584524899	374.14897463653426	1	1	0	1	0	1	0	1	0	0
658.8919000000024	0.5459504127502441	0.876871645450592	788.4522471937378	413.8353656957753	1	1	0	1	0	1	0	1	0	0
693.3508999999976	0.5459504127502441	0.876871645450592	788.4522471937378	413.8353656957753	1	1	0	1	0	1	0	1	0	0
727.3294000000024	0.533696174621582	0.8701000213623047	854.5818639445431	437.7271653781479	1	1	0	1	0	1	0	1	0	0
761.3240000000005	0.5334957242012024	0.8436993956565857	898.5423207856638	445.6696379290832	1	1	0	1	0	1	0	1	0	0
795.8758999999991	0.5334957242012024	0.8436993956565857	898.5423207856638	445.6696379290832	1	1	0	1	0	1	0	1	0	0
829.8963000000003	0.5315292477607727	0.8317080736160278	921.9534902363848	439.0508837071773	1	1	0	1	0	1	0	1	0	0
864.4838999999993	0.5315292477607727	0.8317080736160278	921.9534902363848	439.0508837071773	1	1	0	1	0	1	0	1	0	0
898.4282999999996	0.53373122215271	0.8139704465866089	928.1893616843743	420.13380906955246	1	1	0	1	0	1	0	1	0	0
932.4052999999985	0.53373122215271	0.8139704465866089	928.1893616843743	420.13380906955246	1	1	0	1	0	1	0	1	0	0
966.5089000000007	0.53373122215271	0.8139704465866089	921.4954905205337	391.57977696410126	1	1	0	1	0	1	0	1	0	0
1000.616399999999	0.5254610180854797	0.7823259830474854	906.2889590211955	356.20085302341573	1	1	0	1	0	1	0	1	0	0
1034.6377999999968	0.5254610180854797	0.7823259830474854	906.2889590211955	356.20085302341573	1	1	0	1	0	1	0	1	0	0
1068.6549999999988	0.5400650501251221	0.7538242340087891	887.0383473310369	316.71765041385436	1	1	0	1	0	1	0	1	0	0
1102.6680999999953	0.5400650501251221	0.7538242340087891	887.0383473310369	316.71765041385436	1	1	0	1	0	1	0	1	0	0
1136.6261999999988	0.5340057015419006	0.7430697679519653	868.2391824688916	275.44692374218516	1	1	0	1	0	1	0	1	0	0
1171.3078000000023	0.5340057015419006	0.7430697679519653	868.2391824688916	275.44692374218516	1	1	0	1	0	1	0	1	0	0
1205.2819000000018	0.5217151641845703	0.7370074987411499	853.7447336747562	234.33641283425854	1	1	0	1	0	1	0	1	0	0
1239.2814999999973	0.5217151641845703	0.7370074987411499	853.7447336747562	234.33641283425854	1	1	0	1	0	1	0	1	0	0
1273.5242999999973	0.5099565982818604	0.7141989469528198	846.1216093624928	195.27498481435367	1	1	0	1	0	1	0	1	0	0
1307.2379	0.5099565982818604	0.7141989469528198	846.1216093624928	195.27498481435367	1	1	0	1	0	1	0	1	0	0
1341.1120999999985	0.5113030672073364	0.7124290466308594	846.7485713340865	160.0506504776865	1	1	0	1	0	1	0	1	0	0
1375.1046999999962	0.5024377107620239	0.7075545787811279	856.0404848877714	130.054581798135	1	1	0	1	0	1	0	1	0	0
1409.0764999999956	0.5024377107620239	0.7075545787811279	856.0404848877714	130.054581798135	1	1	0	1	0	1	0	1	0	0
1442.7102000000014	0.4893702566623688	0.6950803399085999	873.5224966602832	106.23756763093708	1	1	0	1	0	1	0	1	0	0
1476.7800999999963	0.4893702566623688	0.6950803399085999	873.5224966602832	106.23756763093708	1	1	0	1	0	1	0	1	0	0
1510.7590999999957	0.4756236970424652	0.6879758834838867	898.0724454924871	89.28391549705837	1	1	0	1	0	1	0	1	0	0
1544.7368999999962	0.4756236970424652	0.6879758834838867	898.0724454924871	89.28391549705837	1	1	0	1	0	1	0	1	0	0
1578.7918999999965	0.4714791774749756	0.6929782629013062	928.1370245769496	79.65356930394341	1	1	0	1	0	1	0	1	0	0
1612.654300000002	0.4714791774749756	0.6929782629013062	928.1370245769496	79.65356930394341	1	1	0	1	0	1	0	1	0	0
1647.4156999999977	0.4698890745639801	0.7005048990249634	961.7637056282124	77.4318652836368	1	1	0	1	0	1	0	1	0	0
1680.806199999999	0.4698890745639801	0.7005048990249634	961.7637056282124	77.4318652836368	1	1	0	1	0	1	0	1	0	0
1714.9344999999958	0.4647468626499176	0.7084054946899414	996.6865308568663	82.23425147091595	1	1	0	1	0	1	0	1	0	0
1748.8079999999973	0.4647468626499176	0.7084054946899414	996.6865308568663	82.23425147091595	1	1	0	1	0	1	0	1	0	0
1783.4303	0.4626942574977875	0.7286962866783142	1030.47042618929	93.3097609222962	1	1	0	1	0	1	0	1	0	0
1817.3732999999993	0.45654574036598206	0.7153568267822266	1060.766493239565	109.69874152680998	1	1	0	1	0	1	0	1	0	0
1851.3676999999952	0.45654574036598206	0.7153568267822266	1060.766493239565	109.69874152680998	1	1	0	1	0	1	0	1	0	0
1885.369399999996	0.45654574036598206	0.7153568267822266	1060.766493239565	109.69874152680998	1	1	0	1	0	1	0	1	0	0
1919.3733999999968	0.46758216619491577	0.7266019582748413	1085.804878222384	130.25301550354158	1	1	0	1	0	1	0	1	0	0
1953.4948000000004	0.46758216619491577	0.7266019582748413	1085.804878222384	130.25301550354158	1	1	0	1	0	1	0	1	0	0
1987.556700000001	0.471210777759552	0.7224797010421753	1104.6775375244824	153.55101900628674	1	1	0	1	0	1	0	1	0	0
2021.5673000000024	0.471210777759552	0.7224797010421753	1104.6775375244824	153.55101900628674	1	1	0	1	0	1	0	1	0	0
2055.5406999999977	0.47357597947120667	0.7119499444961548	1117.3016179469525	177.96268765898225	1	1	0	1	0	1	0	1	0	0
2089.8422999999966	0.47357597947120667	0.7119499444961548	1117.3016179469525	177.96268765898225	1	1	0	1	0	1	0	1	0	0
2123.383600000001	0.46790558099746704	0.7236593961715698	1124.2430427481913	201.95024754097594	1	1	0	1	0	1	0	1	0	0
2157.4026999999987	0.46790558099746704	0.7236593961715698	1124.2430427481913	201.95024754097594	1	1	0	1	0	1	0	1	0	0
2191.4136	0.4758552014827728	0.7160760164260864	1126.339124964315	224.30868153897498	1	1	0	1	0	1	0	1	0	0
2225.3983000000007	0.4758552014827728	0.7160760164260864	1126.339124964315	224.30868153897498	1	1	0	1	0	1	0	1	0	0
2259.068999999996	0.4693681299686432	0.7119548320770264	1124.541376631726	244.16467044408213	1	1	0	1	0	1	0	1	0	0
2293.0620999999956	0.4693681299686432	0.7119548320770264	1124.541376631726	244.16467044408213	1	1	0	1	0	1	0	1	0	0
2327.0941999999995	0.46527066826820374	0.7049003839492798	1119.9785170167952	260.9831905772642	1	1	0	1	0	1	0	1	0	0
2361.487000000001	0.46527066826820374	0.7049003839492798	1119.9785170167952	260.9831905772642	1	1	0	1	0	1	0	1	0	0
2396.213499999998	0.4699438512325287	0.6894437074661255	1113.935168025735	274.57954902206586	1	1	0	1	0	1	0	1	0	0
2430.771099999998	0.4699438512325287	0.6894437074661255	1113.935168025735	274.57954902206586	1	1	0	1	0	1	0	1	0	0
2465.234700000001	0.4678352475166321	0.6710879802703857	1107.8659900292128	284.94805261987324	1	1	0	1	0	1	0	1	0	0
2499.2013000000006	0.4678352475166321	0.6710879802703857	1107.8659900292128	284.94805261987324	1	1	0	1	0	1	0	1	0	0
2533.202299999997	0.48639196157455444	0.651071310043335	1103.2142445932952	292.04674889397086	1	1	0	1	0	1	0	1	0	0
2567.3447000000015	0.48639196157455444	0.651071310043335	1103.2142445932952	292.04674889397086	1	1	0	1	0	1	0	1	0	0
2601.3641999999963	0.4904598593711853	0.6457664966583252	1101.019689080064	295.6550724837218	1	1	0	1	0	1	0	1	0	0
2635.8669999999984	0.4904598593711853	0.6457664966583252	1101.019689080064	295.6550724837218	1	1	0	1	0	1	0	1	0	0
2669.8957999999984	0.4933227598667145	0.6277104616165161	1101.7543886566186	295.46767610883586	1	1	0	1	0	1	0	1	0	0
2703.9131999999954	0.4933227598667145	0.6277104616165161	1101.7543886566186	295.46767610883586	1	1	0	1	0	1	0	1	0	0
2737.6468000000023	0.49992507696151733	0.6177443265914917	1105.4219932182632	291.33812565026636	1	1	0	1	0	1	0	1	0	0
2771.4940999999963	0.49992507696151733	0.6177443265914917	1105.4219932182632	291.33812565026636	1	1	0	1	0	1	0	1	0	0
2805.517399999997	0.508392333984375	0.5929189920425415	1111.7060719979509	283.2993659350658	1	1	0	1	0	1	0	1	0	0
2839.479299999999	0.508392333984375	0.5929189920425415	1111.7060719979509	283.2993659350658	1	1	0	1	0	1	0	1	0	0
2873.8133000000016	0.508392333984375	0.5929189920425415	1111.7060719979509	283.2993659350658	1	1	0	1	0	1	0	1	0	0
2907.518299999996	0.515058696269989	0.5926317572593689	1120.0934471307614	271.45968914455875	1	1	0	1	0	1	0	1	0	0
2941.5300999999963	0.515058696269989	0.5926317572593689	1120.0934471307614	271.45968914455875	1	1	0	1	0	1	0	1	0	0
2975.515599999999	0.5167485475540161	0.5930584669113159	1129.9734245441562	256.04158738067116	1	1	0	1	0	1	0	1	0	0
3009.5429000000004	0.5167485475540161	0.5930584669113159	1129.9734245441562	256.04158738067116	1	1	0	1	0	1	0	1	0	0
3043.7261	0.5152570605278015	0.5949316024780273	1140.7144616335008	237.5180721596794	1	1	0	1	0	1	0	1	0	0
3078.2570999999953	0.5152570605278015	0.5949316024780273	1140.7144616335008	237.5180721596794	1	1	0	1	0	1	0	1	0	0
3112.2175999999963	0.522903561592102	0.5976120233535767	1151.7203382083305	216.62142669900317	1	1	0	1	0	1	0	1	0	0
3146.2935999999972	0.522903561592102	0.5976120233535767	1151.7203382083305	216.62142669900317	1	1	0	1	0	1	0	1	0	0
3180.236499999999	0.5288434624671936	0.5988843441009521	1162.4682804136553	194.1462083957446	1	1	0	1	0	1	0	1	0	0
3214.6382000000012	0.5288434624671936	0.5988843441009521	1162.4682804136553	194.1462083957446	1	1	0	1	0	1	0	1	0	0
3248.4766999999993	0.5288434624671936	0.5988843441009521	1172.5317173383828	170.7989171809457	1	1	0	1	0	1	0	1	0	0
3282.4671000000017	0.5288434624671936	0.5988843441009521	1172.5317173383828	170.7989171809457	1	1	0	1	0	1	0	1	0	0
3316.4576000000015	0.531294047832489	0.6107285022735596	1181.5904324986104	147.24204400599558	1	1	0	1	0	1	0	1	0	0
3350.4804000000004	0.531294047832489	0.6107285022735596	1181.5904324986104	147.24204400599558	1	1	0	1	0	1	0	1	0	0
3384.7739999999976	0.531294047832489	0.6107285022735596	1181.5904324986104	147.24204400599558	1	1	0	1	0	1	0	1	0	0
3419.240899999997	0.5296223163604736	0.6313757300376892	1189.4308234392502	124.16469626553427	1	1	0	1	0	1	0	1	0	0
3453.231200000002	0.5296223163604736	0.6313757300376892	1189.4308234392502	124.16469626553427	1	1	0	1	0	1	0	1	0	0
3487.406799999997	0.5180021524429321	0.6411212682723999	1195.9388248977639	102.34582922019591	1	1	0	1	0	1	0	1	0	0
3521.841099999998	0.5180021524429321	0.6411212682723999	1195.9388248977639	102.34582922019591	1	1	0	1	0	1	0	1	0	0
3555.8427999999985	0.5128552317619324	0.6405620574951172	1201.087810048129	82.70665235467176	1	1	0	1	0	1	0	1	0	0
3589.8508	0.5128552317619324	0.6405620574951172	1201.087810048129	82.70665235467176	1	1	0	1	0	1	0	1	0	0
3623.8381999999983	0.5128552317619324	0.6405620574951172	1201.087810048129	82.70665235467176	1	1	0	1	0	1	0	1	0	0
3657.850599999998	0.5055317878723145	0.6500794887542725	1204.923486583028	66.2035964600589	1	1	0	1	0	1	0	1	0	0
3692.1631999999954	0.5055317878723145	0.6500794887542725	1204.923486583028	66.2035964600589	1	1	0	1	0	1	0	1	0	0
3726.8748999999953	0.4959983229637146	0.6537940502166748	1207.5474746969708	53.67266909340037	1	1	0	1	0	1	0	1	0	0
3760.779999999999	0.4959983229637146	0.6537940502166748	1207.5474746969708	53.67266909340037	1	1	0	1	0	1	0	1	0	0
3794.7846999999965	0.4959983229637146	0.6537940502166748	1207.5474746969708	53.67266909340037	1	1	0	1	0	1	0	1	0	0
3828.883399999999	0.49874383211135864	0.6547838449478149	1209.1009145464986	45.72032979572833	1	1	0	1	0	1	0	1	0	0
3862.714	0.49874383211135864	0.6547838449478149	1209.1009145464986	45.72032979572833	1	1	0	1	0	1	0	1	0	0
3896.2724000000017	0.4906790852546692	0.6638436913490295	1209.7491200291852	42.60280748851196	1	1	0	1	0	1	0	1	0	0
3930.294600000001	0.4906790852546692	0.6638436913490295	1209.7491200291852	42.60280748851196	1	1	0	1	0	1	0	1	0	0
3964.3218999999954	0.4740173816680908	0.6725121736526489	1209.6679882755598	44.32304764531043	1	1	0	1	0	1	0	1	0	0
3998.125500000002	0.4740173816680908	0.6725121736526489	1209.6679882755598	44.32304764531043	1	1	0	1	0	1	0	1	0	0
4032.6123000000007	0.4740173816680908	0.6725121736526489	1209.6679882755598	44.32304764531043	1	1	0	1	0	1	0	1	0	0
4066.5899999999965	0.4645613729953766	0.6558545827865601	1209.0326005572342	50.87980942789611	1	1	0	1	0	1	0	1	0	0
4100.2336	0.4645613729953766	0.6558545827865601	1209.0326005572342	50.87980942789611	1	1	0	1	0	1	0	1	0	0
4134.4245999999985	0.4680643677711487	0.6449514031410217	1208.0082169981633	62.1786063508498	1	1	0	1	0	1	0	1	0	0
4168.791499999999	0.4680643677711487	0.6449514031410217	1208.0082169981633	62.1786063508498	1	1	0	1	0	1	0	1	0	0
4202.486799999999	0.4680643677711487	0.6449514031410217	1208.0082169981633	62.1786063508498	1	1	0	1	0	1	0	1	0	0
4236.480199999998	0.45639675855636597	0.623158872127533	1206.7436777034366	77.77049902749422	1	1	0	1	0	1	0	1	0	0
4270.495900000002	0.45639675855636597	0.623158872127533	1206.7436777034366	77.77049902749422	1	1	0	1	0	1	0	1	0	0
4304.525699999998	0.4583737254142761	0.5919333696365356	1205.3670769368134	96.86994909389969	1	1	0	1	0	1	0	1	0	0
4339.0813999999955	0.4583737254142761	0.5919333696365356	1205.3670769368134	96.86994909389969	1	1	0	1	0	1	0	1	0	0
4373.275499999996	0.4583737254142761	0.5919333696365356	1205.3670769368134	96.86994909389969	1	1	0	1	0	1	0	1	0	0
4407.256999999998	0.461988627910614	0.5931422710418701	1203.9834726918982	118.44748074249043	1	1	0	1	0	1	0	1	0	0
4441.286200000002	0.461988627910614	0.5931422710418701	1203.9834726918982	118.44748074249043	1	1	0	1	0	1	0	1	0	0
4475.784599999999	0.4499126970767975	0.5916407108306885	1202.6743275792858	141.34475724529017	1	1	0	1	0	1	0	1	0	0
4509.271099999998	0.4499126970767975	0.5916407108306885	1202.6743275792858	141.34475724529017	1	1	0	1	0	1	0	1	0	0
4543.251799999998	0.4499126970767975	0.5916407108306885	1202.6743275792858	141.34475724529017	1	1	0	1	0	1	0	1	0	0
4577.3056	0.448975145816803	0.5706230401992798	1201.4983433902307	164.55245952987605	1	1	0	1	0	1	0	1	0	0
4611.259099999996	0.448975145816803	0.5706230401992798	1201.4983433902307	164.55245952987605	1	1	0	1	0	1	0	1	0	0
4645.3067999999985	0.4536304473876953	0.5658093690872192	1200.4933453398992	187.26525077304524	1	1	0	1	0	1	0	1	0	0
4679.0130999999965	0.4536304473876953	0.5658093690872192	1200.4933453398992	187.26525077304524	1	1	0	1	0	1	0	1	0	0
4712.989300000001	0.4522378444671631	0.5491510033607483	1199.6788869735403	208.70904623158233	1	1	0	1	0	1	0	1	0	0
4746.9876	0.4522378444671631	0.5491510033607483	1199.6788869735403	208.70904623158233	1	1	0	1	0	1	0	1	0	0
4781.003199999999	0.4522378444671631	0.5491510033607483	1199.6788869735403	208.70904623158233	1	1	0	1	0	1	0	1	0	0
4815.6394999999975	0.4572215676307678	0.5554270148277283	1199.0592773214707	228.1381010470813	1	1	0	1	0	1	0	1	0	0
4849.5432999999975	0.4572215676307678	0.5554270148277283	1199.0592773214707	228.1381010470813	1	1	0	1	0	1	0	1	0	0
4883.586299999995	0.46548908948898315	0.5385013818740845	1198.6267728248804	244.88120642043708	1	1	0	1	0	1	0	1	0	0
4917.595699999998	0.46548908948898315	0.5385013818740845	1198.6267728248804	244.88120642043708	1	1	0	1	0	1	0	1	0	0
4951.558100000002	0.46548908948898315	0.5385013818740845	1198.6267728248804	244.88120642043708	1	1	0	1	0	1	0	1	0	0
4986.228499999997	0.4851659834384918	0.5264014005661011	1198.3647231552918	258.2154813553657	1	1	0	1	0	1	0	1	0	0
5020.321299999996	0.4851659834384918	0.5264014005661011	1198.3647231552918	258.2154813553657	1	1	0	1	0	1	0	1	0	0
5054.218199999996	0.5174437165260315	0.5095925331115723	1198.250508384771	267.13241066821683	1	1	0	1	0	1	0	1	0	0
5088.231	0.5174437165260315	0.5095925331115723	1198.250508384771	267.13241066821683	1	1	0	1	0	1	0	1	0	0
5122.255599999997	0.5174437165260315	0.5095925331115723	1198.250508384771	267.13241066821683	1	1	0	1	0	1	0	1	0	0
5156.806499999999	0.5411140322685242	0.49879467487335205	1198.2581518896668	271.34707756263003	1	1	0	1	0	1	0	1	0	0
5190.774400000002	0.5411140322685242	0.49879467487335205	1198.2581518896668	271.34707756263003	1	1	0	1	0	1	0	1	0	0
5224.7894000000015	0.55898517370224	0.5112789869308472	1198.3605365323401	273.34241132129836	1	1	0	1	0	1	0	1	0	0
5258.457199999997	0.55898517370224	0.5112789869308472	1198.3605365323401	273.34241132129836	1	1	0	1	0	1	0	1	0	0
5292.850099999996	0.55898517370224	0.5112789869308472	1198.3605365323401	273.34241132129836	1	1	0	1	0	1	0	1	0	0
5326.831299999998	0.5878055095672607	0.5044013261795044	1198.5311894489178	277.55387587619657	1	1	0	1	0	1	0	1	0	0
5360.844499999999	0.5878055095672607	0.5044013261795044	1198.5311894489178	277.55387587619657	1	1	0	1	0	1	0	1	0	0
5394.849799999996	0.6397937536239624	0.5245946645736694	1198.745632227814	287.38162204486946	1	1	0	1	0	1	0	1	0	0
5428.8338	0.6397937536239624	0.5245946645736694	1198.745632227814	287.38162204486946	1	1	0	1	0	1	0	1	0	0
5462.895499999999	0.6397937536239624	0.5245946645736694	1198.745632227814	287.38162204486946	1	1	0	1	0	1	0	1	0	0
5496.631999999998	0.6614946126937866	0.5490425825119019	1198.982318014266	304.23439332831214	1	1	0	1	0	1	0	1	0	0
5530.6149000000005	0.6614946126937866	0.5490425825119019	1198.982318014266	304.23439332831214	1	1	0	1	0	1	0	1	0	0
5564.615099999995	0.7011284828186035	0.5533708930015564	1199.2231952044526	328.0988742326142	1	1	0	1	0	1	0	1	0	0
5598.6757	0.7011284828186035	0.5533708930015564	1199.2231952044526	328.0988742326142	1	1	0	1	0	1	0	1	0	0
5633.3067999999985	0.7011284828186035	0.5533708930015564	1199.2231952044526	328.0988742326142	1	1	0	1	0	1	0	1	0	0
5668.065499999997	0.7250106930732727	0.5554384589195251	1199.4539493380234	358.01600813787496	1	1	0	1	0	1	0	1	0	0
5702.070099999997	0.7250106930732727	0.5554384589195251	1199.4539493380234	358.01600813787496	1	1	0	1	0	1	0	1	0	0
5736.064299999998	0.7250106930732727	0.5554384589195251	1199.4539493380234	358.01600813787496	1	1	0	1	0	1	0	1	0	0
5769.657999999996	0.7327426671981812	0.5803782939910889	1199.6639812504236	392.46868943709524	1	1	0	1	0	1	0	1	0	0
5803.606599999999	0.7327426671981812	0.5803782939910889	1199.6639812504236	392.46868943709524	1	1	0	1	0	1	0	1	0	0
5837.613400000002	0.7349017858505249	0.5777631998062134	1199.846181353021	429.6868698550989	1	1	0	1	0	1	0	1	0	0
5871.600299999998	0.7349017858505249	0.5777631998062134	1199.846181353021	429.6868698550989	1	1	0	1	0	1	0	1	0	0
5905.668400000002	0.7349017858505249	0.5777631998062134	1199.846181353021	429.6868698550989	1	1	0	1	0	1	0	1	0	0
5939.910100000001	0.7372357845306396	0.6116079092025757	1199.996557990559	467.8775804908703	1	1	0	1	0	1	0	1	0	0
5973.537700000001	0.7372357845306396	0.6116079092025757	1199.996557990559	467.8775804908703	1	1	0	1	0	1	0	1	0	0
6007.542600000001	0.7179499268531799	0.6233812570571899	1200.1137731084862	505.3884979932561	1	1	0	1	0	1	0	1	0	0
6041.913099999998	0.7179499268531799	0.6233812570571899	1200.1137731084862	505.3884979932561	1	1	0	1	0	1	0	1	0	0
6076.508300000001	0.7179499268531799	0.6233812570571899	1200.1137731084862	505.3884979932561	1	1	0	1	0	1	0	1	0	0
6110.511999999995	0.715607762336731	0.6476510763168335	1200.1986318263357	540.8143949847688	1	1	0	1	0	1	0	1	0	0
6144.580699999999	0.715607762336731	0.6476510763168335	1200.1986318263357	540.8143949847688	1	1	0	1	0	1	0	1	0	0
6178.517	0.715607762336731	0.6476510763168335	1200.1986318263357	540.8143949847688	1	1	0	1	0	1	0	1	0	0
6212.6391	0.6853381395339966	0.7023410797119141	1200.2535647502477	573.0560924974809	1	1	0	1	0	1	0	1	0	0
6246.516599999995	0.6853381395339966	0.7023410797119141	1200.2535647502477	573.0560924974809	1	1	0	1	0	1	0	1	0	0
6280.4925	0.6853381395339966	0.7023410797119141	1200.2535647502477	573.0560924974809	1	1	0	1	0	1	0	1	0	0
6314.487799999995	0.6676846742630005	0.7481248378753662	1200.2821336488578	601.3414012362746	1	1	0	1	0	1	0	1	0	0
6348.522100000002	0.6676846742630005	0.7481248378753662	1200.2821336488578	601.3414012362746	1	1	0	1	0	1	0	1	0	0
6382.493499999997	0.6481622457504272	0.7794510126113892	1200.2280680512035	625.2170539441573	1	1	0	1	0	1	0	1	0	0
6417.040000000001	0.6481622457504272	0.7794510126113892	1200.2280680512035	625.2170539441573	1	1	0	1	0	1	0	1	0	0
6451.035100000001	0.6481622457504272	0.7794510126113892	1200.2280680512035	625.2170539441573	1	1	0	1	0	1	0	1	0	0
6485.049699999996	0.608725368976593	0.743982195854187	1199.944704395918	644.5198651877391	1	1	0	1	0	1	0	1	0	0
6519.037299999996	0.608725368976593	0.743982195854187	1199.944704395918	644.5198651877391	1	1	0	1	0	1	0	1	0	0
6553.039199999999	0.608725368976593	0.743982195854187	1199.944704395918	644.5198651877391	1	1	0	1	0	1	0	1	0	0
6586.777099999999	0.5851002931594849	0.7394082546234131	1199.3543899512438	659.3343868743711	1	1	0	1	0	1	0	1	0	0
6620.811600000001	0.5851002931594849	0.7394082546234131	1199.3543899512438	659.3343868743711	1	1	0	1	0	1	0	1	0	0
6654.868000000002	0.5496511459350586	0.7392163872718811	1198.4232598944786	668.9377919596108	1	1	0	1	0	1	0	1	0	0
6688.957900000001	0.5496511459350586	0.7392163872718811	1198.4232598944786	668.9377919596108	1	1	0	1	0	1	0	1	0	0
6722.719499999999	0.5496511459350586	0.7392163872718811	1198.4232598944786	668.9377919596108	1	1	0	1	0	1	0	1	0	0
6757.034800000001	0.5404940247535706	0.7480818033218384	1196.8070555705604	670.2961702491086	1	1	0	1	0	1	0	1	0	0
6791.018799999998	0.5404940247535706	0.7480818033218384	1196.8070555705604	670.2961702491086	1	1	0	1	0	1	0	1	0	0
6825.0250000000015	0.5404940247535706	0.7480818033218384	1196.8070555705604	670.2961702491086	1	1	0	1	0	1	0	1	0	0
6858.724399999999	0.4842282235622406	0.7652138471603394	1193.5563073968533	659.792516181969	1	1	0	1	0	1	0	1	0	0
6892.888999999996	0.4842282235622406	0.7652138471603394	1193.5563073968533	659.792516181969	1	1	0	1	0	1	0	1	0	0
6926.779900000001	0.4842282235622406	0.7652138471603394	1193.5563073968533	659.792516181969	1	1	0	1	0	1	0	1	0	0
6960.9956999999995	0.4609070420265198	0.757889986038208	1193.5563073968533	659.792516181969	1	1	0	1	0	1	0	1	0	0
6994.799800000001	0.4609070420265198	0.757889986038208	1187.1263172450547	636.7122072237914	1	1	0	1	0	1	0	1	0	0
7028.847999999998	0.4609070420265198	0.757889986038208	1187.1263172450547	636.7122072237914	1	1	0	1	0	1	0	1	0	0
7062.648000000001	0.4609070420265198	0.757889986038208	1187.1263172450547	636.7122072237914	1	1	0	1	0	1	0	1	0	0
7096.6872	0.41119855642318726	0.7694429755210876	1175.7987864898967	603.746244995718	1	1	0	1	0	1	0	1	0	0
7130.397499999999	0.41119855642318726	0.7694429755210876	1175.7987864898967	603.746244995718	1	1	0	1	0	1	0	1	0	0
7164.4082999999955	0.41119855642318726	0.7694429755210876	1175.7987864898967	603.746244995718	1	1	0	1	0	1	0	1	0	0
7198.439099999996	0.3959925174713135	0.7752698659896851	1158.0815719852872	565.4872956934116	1	1	0	1	0	1	0	1	0	0
7232.372900000002	0.3959925174713135	0.7752698659896851	1158.0815719852872	565.4872956934116	1	1	0	1	0	1	0	1	0	0
7266.682999999997	0.3959925174713135	0.7752698659896851	1158.0815719852872	565.4872956934116	1	1	0	1	0	1	0	1	0	0
7300.670899999997	0.37524351477622986	0.7760757207870483	1132.9308634635531	527.0483138773296	1	1	0	1	0	1	0	1	0	0
7334.6734	0.37524351477622986	0.7760757207870483	1132.9308634635531	527.0483138773296	1	1	0	1	0	1	0	1	0	0
7368.810599999997	0.37524351477622986	0.7760757207870483	1132.9308634635531	527.0483138773296	1	1	0	1	0	1	0	1	0	0
7402.432199999996	0.35926195979118347	0.7780219316482544	1100.0291238184436	492.9404509149636	1	1	0	1	0	1	0	1	0	0
7436.371099999997	0.35926195979118347	0.7780219316482544	1100.0291238184436	492.9404509149636	1	1	0	1	0	1	0	1	0	0
7470.368799999997	0.35926195979118347	0.7780219316482544	1100.0291238184436	492.9404509149636	1	1	0	1	0	1	0	1	0	0
7504.3773	0.3463169038295746	0.7678375244140625	1059.9076701713723	466.40560859819334	1	1	0	1	0	1	0	1	0	0
7538.9208	0.3463169038295746	0.7678375244140625	1059.9076701713723	466.40560859819334	1	1	0	1	0	1	0	1	0	0
7572.878700000001	0.3463169038295746	0.7678375244140625	1059.9076701713723	466.40560859819334	1	1	0	1	0	1	0	1	0	0
7606.880299999997	0.3545783758163452	0.7650471925735474	1013.9496044275453	449.19768515969645	1	1	0	1	0	1	0	1	0	0
7640.979599999999	0.3545783758163452	0.7650471925735474	1013.9496044275453	449.19768515969645	1	1	0	1	0	1	0	1	0	0
7674.9038	0.3545783758163452	0.7650471925735474	1013.9496044275453	449.19768515969645	1	1	0	1	0	1	0	1	0	0
7709.0317	0.35271674394607544	0.7624731063842773	964.2630985731599	441.7412576115078	1	1	0	1	0	1	0	1	0	0
7743.715599999996	0.35271674394607544	0.7624731063842773	964.2630985731599	441.7412576115078	1	1	0	1	0	1	0	1	0	0
7777.585899999998	0.35271674394607544	0.7624731063842773	964.2630985731599	441.7412576115078	1	1	0	1	0	1	0	1	0	0
7811.576399999998	0.37122786045074463	0.7623525261878967	913.3212045271247	443.4765455256829	1	1	0	1	0	1	0	1	0	0
7845.8946	0.37122786045074463	0.7623525261878967	913.3212045271247	443.4765455256829	1	1	0	1	0	1	0	1	0	0
7880.416700000002	0.37122786045074463	0.7623525261878967	913.3212045271247	443.4765455256829	1	1	0	1	0	1	0	1	0	0
7914.389299999995	0.39777711033821106	0.759551465511322	863.6920517798169	453.02766353983793	1	1	0	1	0	1	0	1	0	0
7948.395100000002	0.39777711033821106	0.759551465511322	863.6920517798169	453.02766353983793	1	1	0	1	0	1	0	1	0	0
7982.377699999997	0.39777711033821106	0.759551465511322	863.6920517798169	453.02766353983793	1	1	0	1	0	1	0	1	0	0
8016.364699999998	0.4233153462409973	0.752726137638092	817.9813052249267	468.10365279210066	1	1	0	1	0	1	0	1	0	0
8050.380100000002	0.4233153462409973	0.752726137638092	817.9813052249267	468.10365279210066	1	1	0	1	0	1	0	1	0	0
8084.3678999999975	0.4233153462409973	0.752726137638092	817.9813052249267	468.10365279210066	1	1	0	1	0	1	0	1	0	0
8118.360800000002	0.4488396644592285	0.7347835302352905	778.8207917833115	485.5593673572892	1	1	0	1	0	1	0	1	0	0
8151.885199999997	0.4488396644592285	0.7347835302352905	778.8207917833115	485.5593673572892	1	1	0	1	0	1	0	1	0	0
8185.814699999995	0.4488396644592285	0.7347835302352905	778.8207917833115	485.5593673572892	1	1	0	1	0	1	0	1	0	0
8219.5	0.5016894340515137	0.7202257513999939	748.8991029345243	501.69190737105595	1	1	0	1	0	1	0	1	0	0
8253.663099999998	0.5016894340515137	0.7202257513999939	748.8991029345243	501.69190737105595	1	1	0	1	0	1	0	1	0	0
8287.487799999995	0.5016894340515137	0.7202257513999939	748.8991029345243	501.69190737105595	1	1	0	1	0	1	0	1	0	0
8321.503400000001	0.5016894340515137	0.7202257513999939	748.8991029345243	501.69190737105595	1	1	0	1	0	1	0	1	0	0
8355.041400000002	0.5159845948219299	0.7144935131072998	730.8072795169758	512.5865439165631	1	1	0	1	0	1	0	1	0	0
8389.437599999997	0.5159845948219299	0.7144935131072998	730.8072795169758	512.5865439165631	1	1	0	1	0	1	0	1	0	0
8423.5285	0.5159845948219299	0.7144935131072998	730.8072795169758	512.5865439165631	1	1	0	1	0	1	0	1	0	0
8457.432499999995	0.5458608269691467	0.7299379110336304	726.3550995427463	514.7748745551429	1	1	0	1	0	1	0	1	0	0
8491.468999999997	0.5458608269691467	0.7299379110336304	726.3550995427463	514.7748745551429	1	1	0	1	0	1	0	1	0	0
8525.375800000002	0.5458608269691467	0.7299379110336304	726.3550995427463	514.7748745551429	1	1	0	1	0	1	0	1	0	0
8559.374299999996	0.5745676755905151	0.732742428779602	735.9357191849115	506.93799218602743	1	1	0	1	0	1	0	1	0	0
8593.384099999996	0.5745676755905151	0.732742428779602	735.9357191849115	506.93799218602743	1	1	0	1	0	1	0	1	0	0
8627.405999999995	0.5745676755905151	0.732742428779602	735.9357191849115	506.93799218602743	1	1	0	1	0	1	0	1	0	0
8661.135900000001	0.599397599697113	0.7557765245437622	758.5552210613582	491.75120121546223	1	1	0	1	0	1	0	1	0	0
8694.943399999996	0.599397599697113	0.7557765245437622	758.5552210613582	491.75120121546223	1	1	0	1	0	1	0	1	0	0
8729.403599999998	0.599397599697113	0.7557765245437622	758.5552210613582	491.75120121546223	1	1	0	1	0	1	0	1	0	0
8762.926999999996	0.592249870300293	0.7812562584877014	791.9518465621504	474.5284452550996	1	1	0	1	0	1	0	1	0	0
8796.924099999997	0.592249870300293	0.7812562584877014	791.9518465621504	474.5284452550996	1	1	0	1	0	1	0	1	0	0
8830.976300000002	0.592249870300293	0.7812562584877014	791.9518465621504	474.5284452550996	1	1	0	1	0	1	0	1	0	0
8864.9139	0.5864465832710266	0.811984658241272	832.506193206967	459.8765872293368	1	1	0	1	0	1	0	1	0	0
8899.0006	0.5864465832710266	0.811984658241272	832.506193206967	459.8765872293368	1	1	0	1	0	1	0	1	0	0
8932.976600000002	0.5864465832710266	0.811984658241272	832.506193206967	459.8765872293368	1	1	0	1	0	1	0	1	0	0
8966.986700000001	0.5829263925552368	0.8319631218910217	875.5591553927795	450.5233503947527	1	1	0	1	0	1	0	1	0	0
9001.584499999997	0.5829263925552368	0.8319631218910217	875.5591553927795	450.5233503947527	1	1	0	1	0	1	0	1	0	0
9035.557	0.5829263925552368	0.8319631218910217	875.5591553927795	450.5233503947527	1	1	0	1	0	1	0	1	0	0
9069.453300000001	0.5829263925552368	0.8319631218910217	875.5591553927795	450.5233503947527	1	1	0	1	0	1	0	1	0	0
9103.314999999995	0.5995145440101624	0.8418624401092529	916.36586543283	447.74124401934546	1	1	0	1	0	1	0	1	0	0
9137.577700000002	0.5995145440101624	0.8418624401092529	916.36586543283	447.74124401934546	1	1	0	1	0	1	0	1	0	0
9171.608699999997	0.5995145440101624	0.8418624401092529	916.36586543283	447.74124401934546	1	1	0	1	0	1	0	1	0	0
9205.604699999996	0.5791059732437134	0.8532782196998596	951.0221669797666	451.72299307995945	1	1	0	1	0	1	0	1	0	0
9239.628700000001	0.5791059732437134	0.8532782196998596	951.0221669797666	451.72299307995945	1	1	0	1	0	1	0	1	0	0
9273.654499999997	0.5791059732437134	0.8532782196998596	951.0221669797666	451.72299307995945	1	1	0	1	0	1	0	1	0	0
9307.624899999995	0.5762628316879272	0.8550675511360168	976.747392508913	461.9063054080569	1	1	0	1	0	1	0	1	0	0
9341.685700000002	0.5762628316879272	0.8550675511360168	976.747392508913	461.9063054080569	1	1	0	1	0	1	0	1	0	0
9376.085299999999	0.5762628316879272	0.8550675511360168	976.747392508913	461.9063054080569	1	1	0	1	0	1	0	1	0	0
9410.100699999995	0.5729979276657104	0.8812086582183838	991.7501666248055	477.2473059880383	1	1	0	1	0	1	0	1	0	0
9444.607599999996	0.5729979276657104	0.8812086582183838	991.7501666248055	477.2473059880383	1	1	0	1	0	1	0	1	0	0
9478.419199999997	0.5729979276657104	0.8812086582183838	991.7501666248055	477.2473059880383	1	1	0	1	0	1	0	1	0	0
9512.4343	0.5698199272155762	0.8676570057868958	995.1472296698566	496.44357785304277	1	1	0	1	0	1	0	1	0	0
9546.443999999996	0.5698199272155762	0.8676570057868958	995.1472296698566	496.44357785304277	1	1	0	1	0	1	0	1	0	0
9580.7491	0.5698199272155762	0.8676570057868958	995.1472296698566	496.44357785304277	1	1	0	1	0	1	0	1	0	0
9614.9764	0.5698199272155762	0.8676570057868958	995.1472296698566	496.44357785304277	1	1	0	1	0	1	0	1	0	0
9649.583099999996	0.5772867798805237	0.8818195462226868	987.0798949725901	518.1092658832556	1	1	0	1	0	1	0	1	0	0
9683.564099999996	0.5772867798805237	0.8818195462226868	987.0798949725901	518.1092658832556	1	1	0	1	0	1	0	1	0	0
9717.5746	0.5772867798805237	0.8818195462226868	987.0798949725901	518.1092658832556	1	1	0	1	0	1	0	1	0	0
9751.584299999995	0.568488597869873	0.8765355348587036	968.6696316346128	539.8970273421278	1	1	0	1	0	1	0	1	0	0
9785.574999999997	0.568488597869873	0.8765355348587036	968.6696316346128	539.8970273421278	1	1	0	1	0	1	0	1	0	0
9819.526299999998	0.568488597869873	0.8765355348587036	968.6696316346128	539.8970273421278	1	1	0	1	0	1	0	1	0	0
9853.536999999997	0.5489088892936707	0.8561679720878601	941.7466758826611	557.1671470206338	1	1	0	1	0	1	0	1	0	0
9887.698899999996	0.5489088892936707	0.8561679720878601	941.7466758826611	557.1671470206338	1	1	0	1	0	1	0	1	0	0
9921.5657	0.5489088892936707	0.8561679720878601	941.7466758826611	557.1671470206338	1	1	0	1	0	1	0	1	0	0
9956.133699999998	0.5663896799087524	0.8695228695869446	908.6506799862026	564.4787663772997	1	1	0	1	0	1	0	1	0	0
9989.6734	0.5663896799087524	0.8695228695869446	908.6506799862026	564.4787663772997	1	1	0	1	0	1	0	1	0	0
10023.6809	0.5663896799087524	0.8695228695869446	908.6506799862026	564.4787663772997	1	1	0	1	0	1	0	1	0	0
10057.6627	0.5663896799087524	0.8695228695869446	908.6506799862026	564.4787663772997	1	1	0	1	0	1	0	1	0	0
10091.558299999997	0.5668765306472778	0.889842689037323	871.7737666248245	558.4006362256423	1	1	0	1	0	1	0	1	0	0
10125.3862	0.5668765306472778	0.889842689037323	871.7737666248245	558.4006362256423	1	1	0	1	0	1	0	1	0	0
10160.415699999998	0.5668765306472778	0.889842689037323	871.7737666248245	558.4006362256423	1	1	0	1	0	1	0	1	0	0
10194.386899999998	0.5780212879180908	0.8896359801292419	833.0418308988653	539.047214593053	1	1	0	1	0	1	0	1	0	0
10228.0703	0.5780212879180908	0.8896359801292419	833.0418308988653	539.047214593053	1	1	0	1	0	1	0	1	0	0
10262.223699999995	0.5780212879180908	0.8896359801292419	833.0418308988653	539.047214593053	1	1	0	1	0	1	0	1	0	0
10296.412199999999	0.5780212879180908	0.8896359801292419	833.0418308988653	539.047214593053	1	1	0	1	0	1	0	1	0	0
10330.400399999999	0.5898293256759644	0.8658463954925537	794.1819355770562	510.88952102221407	1	1	0	1	0	1	0	1	0	0
10364.398099999999	0.5898293256759644	0.8658463954925537	794.1819355770562	510.88952102221407	1	1	0	1	0	1	0	1	0	0
10398.7949	0.5898293256759644	0.8658463954925537	794.1819355770562	510.88952102221407	1	1	0	1	0	1	0	1	0	0
10433.023199999996	0.5801889300346375	0.8905940651893616	757.0804537446676	480.7840963443106	1	1	0	1	0	1	0	1	0	0
10467.815499999997	0.5801889300346375	0.8905940651893616	757.0804537446676	480.7840963443106	1	1	0	1	0	1	0	1	0	0
10501.585299999999	0.5801889300346375	0.8905940651893616	757.0804537446676	480.7840963443106	1	1	0	1	0	1	0	1	0	0
10535.707300000002	0.5801889300346375	0.8905940651893616	757.0804537446676	480.7840963443106	1	1	0	1	0	1	0	1	0	0
10569.566200000001	0.5741291046142578	0.9054434299468994	723.1122376841561	453.40454414132205	1	1	0	1	0	1	0	1	0	0
10603.594700000001	0.5741291046142578	0.9054434299468994	723.1122376841561	453.40454414132205	1	1	0	1	0	1	0	1	0	0
10637.643799999998	0.5741291046142578	0.9054434299468994	723.1122376841561	453.40454414132205	1	1	0	1	0	1	0	1	0	0
10671.5881	0.5770978927612305	0.9020178914070129	692.6048502161389	429.62895883509486	1	1	0	1	0	1	0	1	0	0
10705.580499999996	0.5770978927612305	0.9020178914070129	692.6048502161389	429.62895883509486	1	1	0	1	0	1	0	1	0	0
10739.409	0.5770978927612305	0.9020178914070129	692.6048502161389	429.62895883509486	1	1	0	1	0	1	0	1	0	0
10773.561000000002	0.5747437477111816	0.9032580852508545	665.3973985810982	409.9508147262015	1	1	0	1	0	1	0	1	0	0
10807.5524	0.5747437477111816	0.9032580852508545	665.3973985810982	409.9508147262015	1	1	0	1	0	1	0	1	0	0
10841.5334	0.5747437477111816	0.9032580852508545	665.3973985810982	409.9508147262015	1	1	0	1	0	1	0	1	0	0
10875.537599999996	0.5747437477111816	0.9032580852508545	665.3973985810982	409.9508147262015	1	1	0	1	0	1	0	1	0	0
10909.350099999996	0.584671676158905	0.8899456262588501	641.4742558616135	396.5690872257595	1	1	0	1	0	1	0	1	0	0
10943.213899999995	0.584671676158905	0.8899456262588501	641.4742558616135	396.5690872257595	1	1	0	1	0	1	0	1	0	0
10977.235999999997	0.584671676158905	0.8899456262588501	641.4742558616135	396.5690872257595	1	1	0	1	0	1	0	1	0	0
11011.225999999995	0.5821913480758667	0.8836141228675842	621.1624480586886	391.41215291549287	1	1	0	1	0	1	0	1	0	0
11045.521	0.5821913480758667	0.8836141228675842	621.1624480586886	391.41215291549287	1	1	0	1	0	1	0	1	0	0
11079.595099999999	0.5821913480758667	0.8836141228675842	621.1624480586886	391.41215291549287	1	1	0	1	0	1	0	1	0	0
11113.585299999999	0.5821913480758667	0.8836141228675842	621.1624480586886	391.41215291549287	1	1	0	1	0	1	0	1	0	0
11147.576699999998	0.5733103156089783	0.9168432950973511	604.7566265354342	393.94032711555735	1	1	0	1	0	1	0	1	0	0
11181.5994	0.5733103156089783	0.9168432950973511	604.7566265354342	393.94032711555735	1	1	0	1	0	1	0	1	0	0
11215.3894	0.5733103156089783	0.9168432950973511	604.7566265354342	393.94032711555735	1	1	0	1	0	1	0	1	0	0
11249.143100000001	0.5762872099876404	0.897392988204956	591.9306144600048	401.0721128788938	1	1	0	1	0	1	0	1	0	0
11282.850599999998	0.5762872099876404	0.897392988204956	591.9306144600048	401.0721128788938	1	1	0	1	0	1	0	1	0	0
11316.860799999995	0.5762872099876404	0.897392988204956	591.9306144600048	401.0721128788938	1	1	0	1	0	1	0	1	0	0
11350.597499999996	0.5762872099876404	0.897392988204956	591.9306144600048	401.0721128788938	1	1	0	1	0	1	0	1	0	0
11384.275499999996	0.5810547471046448	0.8958542346954346	582.0710323745626	410.4285673526927	1	1	0	1	0	1	0	1	0	0
11418.256999999998	0.5810547471046448	0.8958542346954346	582.0710323745626	410.4285673526927	1	1	0	1	0	1	0	1	0	0
11452.2411	0.5810547471046448	0.8958542346954346	582.0710323745626	410.4285673526927	1	1	0	1	0	1	0	1	0	0
11486.2203	0.5895781517028809	0.8986380696296692	574.8844950352743	422.25776445822606	1	1	0	1	0	1	0	1	0	0
11520.016899999995	0.5895781517028809	0.8986380696296692	574.8844950352743	422.25776445822606	1	1	0	1	0	1	0	1	0	0
11554.020199999999	0.5895781517028809	0.8986380696296692	574.8844950352743	422.25776445822606	1	1	0	1	0	1	0	1	0	0
11587.5432	0.5895781517028809	0.8986380696296692	574.8844950352743	422.25776445822606	1	1	0	1	0	1	0	1	0	0
11621.528599999998	0.5846626162528992	0.9000120759010315	570.2384073089117	437.3360603682637	1	1	0	1	0	1	0	1	0	0
11655.549599999998	0.5846626162528992	0.9000120759010315	570.2384073089117	437.3360603682637	1	1	0	1	0	1	0	1	0	0
11689.554299999996	0.5846626162528992	0.9000120759010315	570.2384073089117	437.3360603682637	1	1	0	1	0	1	0	1	0	0
11723.491999999998	0.5854538083076477	0.9000516533851624	567.8620505303459	455.6413832568137	1	1	0	1	0	1	0	1	0	0
11757.4974	0.5854538083076477	0.9000516533851624	567.8620505303459	455.6413832568137	1	1	0	1	0	1	0	1	0	0
11791.495799999997	0.5854538083076477	0.9000516533851624	567.8620505303459	455.6413832568137	1	1	0	1	0	1	0	1	0	0
11825.518100000001	0.5854538083076477	0.9000516533851624	567.8620505303459	455.6413832568137	1	1	0	1	0	1	0	1	0	0
11859.6221	0.5744661688804626	0.9134451746940613	567.2446275147856	475.6175671783601	1	1	0	1	0	1	0	1	0	0
11893.536	0.5744661688804626	0.9134451746940613	567.2446275147856	475.6175671783601	1	1	0	1	0	1	0	1	0	0
11927.576099999998	0.5744661688804626	0.9134451746940613	567.2446275147856	475.6175671783601	1	1	0	1	0	1	0	1	0	0
11961.5547	0.5864288806915283	0.9118105173110962	567.613837008543	493.8920547309751	1	1	0	1	0	1	0	1	0	0
11995.493499999997	0.5864288806915283	0.9118105173110962	567.613837008543	493.8920547309751	1	1	0	1	0	1	0	1	0	0
12029.5429	0.5864288806915283	0.9118105173110962	567.613837008543	493.8920547309751	1	1	0	1	0	1	0	1	0	0
12063.600699999995	0.5864288806915283	0.9118105173110962	567.613837008543	493.8920547309751	1	1	0	1	0	1	0	1	0	0
12097.5812	0.5674399733543396	0.9192807078361511	568.1089159009002	507.38496730587985	1	1	0	1	0	1	0	1	0	0
12131.558299999997	0.5674399733543396	0.9192807078361511	568.1089159009002	507.38496730587985	1	1	0	1	0	1	0	1	0	0
12165.544699999999	0.5674399733543396	0.9192807078361511	568.1089159009002	507.38496730587985	1	1	0	1	0	1	0	1	0	0
12200.075899999996	0.5674399733543396	0.9192807078361511	568.1089159009002	507.38496730587985	1	1	0	1	0	1	0	1	0	0
12234.140699999996	0.5748625993728638	0.9019028544425964	568.0354923127677	514.5946155317974	1	1	0	1	0	1	0	1	0	0
12268.109599999996	0.5748625993728638	0.9019028544425964	568.0354923127677	514.5946155317974	1	1	0	1	0	1	0	1	0	0
12302.833599999998	0.5748625993728638	0.9019028544425964	568.0354923127677	514.5946155317974	1	1	0	1	0	1	0	1	0	0
12337.517099999997	0.5838809609413147	0.8947864174842834	567.209402294776	516.1209125830677	1	1	0	1	0	1	0	1	0	0
12371.539799999999	0.5838809609413147	0.8947864174842834	567.209402294776	516.1209125830677	1	1	0	1	0	1	0	1	0	0
12405.567299999995	0.5838809609413147	0.8947864174842834	567.209402294776	516.1209125830677	1	1	0	1	0	1	0	1	0	0
12439.521399999998	0.5838809609413147	0.8947864174842834	567.209402294776	516.1209125830677	1	1	0	1	0	1	0	1	0	0
12473.527300000002	0.5892992615699768	0.9066045880317688	566.0288246694826	514.7786766223888	1	1	0	1	0	1	0	1	0	0
12507.982199999999	0.5892992615699768	0.9066045880317688	566.0288246694826	514.7786766223888	1	1	0	1	0	1	0	1	0	0
12541.778599999998	0.5892992615699768	0.9066045880317688	566.0288246694826	514.7786766223888	1	1	0	1	0	1	0	1	0	0
12575.754799999995	0.5892992615699768	0.9066045880317688	566.0288246694826	514.7786766223888	1	1	0	1	0	1	0	1	0	0
12609.888500000001	0.5794845223426819	0.9198461771011353	564.8526990287418	513.5234590838465	1	1	0	1	0	1	0	1	0	0
12644.3358	0.5794845223426819	0.9198461771011353	564.8526990287418	513.5234590838465	1	1	0	1	0	1	0	1	0	0
12677.9528	0.5794845223426819	0.9198461771011353	564.8526990287418	513.5234590838465	1	1	0	1	0	1	0	1	0	0
12712.482299999996	0.5794845223426819	0.9198461771011353	564.8526990287418	513.5234590838465	1	1	0	1	0	1	0	1	0	0
12746.484299999996	0.5940029621124268	0.9106179475784302	563.6013195746508	514.1483830758818	1	1	0	1	0	1	0	1	0	0
12780.5098	0.5940029621124268	0.9106179475784302	563.6013195746508	514.1483830758818	1	1	0	1	0	1	0	1	0	0
12814.486100000002	0.5940029621124268	0.9106179475784302	563.6013195746508	514.1483830758818	1	1	0	1	0	1	0	1	0	0
12849.344400000002	0.5621498227119446	0.915334165096283	563.6013195746508	514.1483830758818	1	1	0	1	0	1	0	1	0	0
12883.0213	0.5621498227119446	0.915334165096283	562.0438132257764	516.6077278827145	1	1	0	1	0	1	0	1	0	0
12917.014599999995	0.5621498227119446	0.915334165096283	562.0438132257764	516.6077278827145	1	1	0	1	0	1	0	1	0	0
12951.018799999998	0.5621498227119446	0.915334165096283	562.0438132257764	516.6077278827145	1	1	0	1	0	1	0	1	0	0
12985.362999999998	0.5770016312599182	0.9012651443481445	560.0247333892389	518.7798215757393	1	1	0	1	0	1	0	1	0	0
13018.949699999997	0.5770016312599182	0.9012651443481445	560.0247333892389	518.7798215757393	1	1	0	1	0	1	0	1	0	0
13052.929499999998	0.5770016312599182	0.9012651443481445	560.0247333892389	518.7798215757393	1	1	0	1	0	1	0	1	0	0
13086.925799999997	0.5770016312599182	0.9012651443481445	560.0247333892389	518.7798215757393	1	1	0	1	0	1	0	1	0	0
13120.650399999999	0.586180567741394	0.9135857820510864	557.5779822077491	519.3824163952495	1	1	0	1	0	1	0	1	0	0
13155.143199999999	0.586180567741394	0.9135857820510864	557.5779822077491	519.3824163952495	1	1	0	1	0	1	0	1	0	0
13189.147700000001	0.586180567741394	0.9135857820510864	557.5779822077491	519.3824163952495	1	1	0	1	0	1	0	1	0	0
13223.141499999998	0.586180567741394	0.9135857820510864	557.5779822077491	519.3824163952495	1	1	0	1	0	1	0	1	0	0
13257.4565	0.5801430344581604	0.8832191824913025	555.0826858919786	519.671932364136	1	1	0	1	0	1	0	1	0	0
13291.321499999998	0.5801430344581604	0.8832191824913025	555.0826858919786	519.671932364136	1	1	0	1	0	1	0	1	0	0
13325.1302	0.5801430344581604	0.8832191824913025	555.0826858919786	519.671932364136	1	1	0	1	0	1	0	1	0	0
13359.144399999997	0.5801430344581604	0.8832191824913025	555.0826858919786	519.671932364136	1	1	0	1	0	1	0	1	0	0
13393.160499999998	0.5618422627449036	0.8800582885742188	553.2407006199339	520.4082427734077	1	1	0	1	0	1	0	1	0	0
13427.160799999998	0.5618422627449036	0.8800582885742188	553.2407006199339	520.4082427734077	1	1	0	1	0	1	0	1	0	0
13461.676	0.5618422627449036	0.8800582885742188	553.2407006199339	520.4082427734077	1	1	0	1	0	1	0	1	0	0
13495.222199999997	0.5618422627449036	0.8800582885742188	553.2407006199339	520.4082427734077	1	1	0	1	0	1	0	1	0	0
13529.234100000001	0.5487267971038818	0.8607141375541687	552.829331456268	519.1427414291647	1	1	0	1	0	1	0	1	0	0
13563.246899999998	0.5487267971038818	0.8607141375541687	552.829331456268	519.1427414291647	1	1	0	1	0	1	0	1	0	0
13597.512199999997	0.5487267971038818	0.8607141375541687	552.829331456268	519.1427414291647	1	1	0	1	0	1	0	1	0	0
13631.900000000001	0.5367847084999084	0.8096209168434143	554.7214746992751	511.8806641079825	1	1	0	1	0	1	0	1	0	0
13666.2396	0.5367847084999084	0.8096209168434143	554.7214746992751	511.8806641079825	1	1	0	1	0	1	0	1	0	0
13700.2324	0.5367847084999084	0.8096209168434143	554.7214746992751	511.8806641079825	1	1	0	1	0	1	0	1	0	0
13734.231199999995	0.5367847084999084	0.8096209168434143	554.7214746992751	511.8806641079825	1	1	0	1	0	1	0	1	0	0
13768.142	0.5332366824150085	0.7915731072425842	560.2871263433212	496.1428176528992	1	1	0	1	0	1	0	1	0	0
13802.147299999997	0.5332366824150085	0.7915731072425842	560.2871263433212	496.1428176528992	1	1	0	1	0	1	0	1	0	0
13836.1446	0.5332366824150085	0.7915731072425842	560.2871263433212	496.1428176528992	1	1	0	1	0	1	0	1	0	0
13870.154199999997	0.5332366824150085	0.7915731072425842	560.2871263433212	496.1428176528992	1	1	0	1	0	1	0	1	0	0
13904.155299999999	0.5337365865707397	0.7582052946090698	571.3090210319831	471.5480567594531	1	1	0	1	0	1	0	1	0	0
13938.593799999995	0.5337365865707397	0.7582052946090698	571.3090210319831	471.5480567594531	1	1	0	1	0	1	0	1	0	0
13972.549099999997	0.5337365865707397	0.7582052946090698	571.3090210319831	471.5480567594531	1	1	0	1	0	1	0	1	0	0
14006.536999999997	0.5337365865707397	0.7582052946090698	571.3090210319831	471.5480567594531	1	1	0	1	0	1	0	1	0	0
14040.5432	0.5212412476539612	0.7523328065872192	589.3773487636015	439.0298778867846	1	1	0	1	0	1	0	1	0	0
14074.557199999996	0.5212412476539612	0.7523328065872192	589.3773487636015	439.0298778867846	1	1	0	1	0	1	0	1	0	0
14108.193800000001	0.5212412476539612	0.7523328065872192	589.3773487636015	439.0298778867846	1	1	0	1	0	1	0	1	0	0
14142.231399999997	0.5212412476539612	0.7523328065872192	589.3773487636015	439.0298778867846	1	1	0	1	0	1	0	1	0	0
14176.229299999999	0.4991537034511566	0.7471178770065308	615.2331395845129	400.53171865083345	1	1	0	1	0	1	0	1	0	0
14210.202899999997	0.4991537034511566	0.7471178770065308	615.2331395845129	400.53171865083345	1	1	0	1	0	1	0	1	0	0
14244.575400000002	0.4991537034511566	0.7471178770065308	615.2331395845129	400.53171865083345	1	1	0	1	0	1	0	1	0	0
14279.3396	0.4991537034511566	0.7471178770065308	615.2331395845129	400.53171865083345	1	1	0	1	0	1	0	1	0	0
14313.363399999995	0.4915671944618225	0.7435716986656189	648.3733486400947	358.81904967061746	1	1	0	1	0	1	0	1	0	0
14347.674299999999	0.4915671944618225	0.7435716986656189	648.3733486400947	358.81904967061746	1	1	0	1	0	1	0	1	0	0
14381.1426	0.4915671944618225	0.7435716986656189	648.3733486400947	358.81904967061746	1	1	0	1	0	1	0	1	0	0
14415.167399999998	0.4915671944618225	0.7435716986656189	648.3733486400947	358.81904967061746	1	1	0	1	0	1	0	1	0	0
14449.177299999996	0.4892389178276062	0.7272357940673828	687.3916761096887	316.91590396023935	1	1	0	1	0	1	0	1	0	0
14483.2261	0.4892389178276062	0.7272357940673828	687.3916761096887	316.91590396023935	1	1	0	1	0	1	0	1	0	0
14517.186499999996	0.4892389178276062	0.7272357940673828	687.3916761096887	316.91590396023935	1	1	0	1	0	1	0	1	0	0
14551.354599999999	0.4892389178276062	0.7272357940673828	687.3916761096887	316.91590396023935	1	1	0	1	0	1	0	1	0	0
14585.481399999997	0.49440184235572815	0.7030342817306519	730.8044938277467	277.3855787901647	1	1	0	1	0	1	0	1	0	0
14619.479399999997	0.49440184235572815	0.7030342817306519	730.8044938277467	277.3855787901647	1	1	0	1	0	1	0	1	0	0
14653.500099999997	0.49440184235572815	0.7030342817306519	730.8044938277467	277.3855787901647	1	1	0	1	0	1	0	1	0	0
14687.6993	0.49440184235572815	0.7030342817306519	730.8044938277467	277.3855787901647	1	1	0	1	0	1	0	1	0	0
14721.504	0.49440184235572815	0.7030342817306519	730.8044938277467	277.3855787901647	1	1	0	1	0	1	0	1	0	0
14755.504999999997	0.5173168778419495	0.7195249199867249	777.4855240941461	241.84732223351762	1	1	0	1	0	1	0	1	0	0
14789.501499999998	0.5173168778419495	0.7195249199867249	777.4855240941461	241.84732223351762	1	1	0	1	0	1	0	1	0	0
14823.555	0.5173168778419495	0.7195249199867249	777.4855240941461	241.84732223351762	1	1	0	1	0	1	0	1	0	0
14857.527900000001	0.5173168778419495	0.7195249199867249	777.4855240941461	241.84732223351762	1	1	0	1	0	1	0	1	0	0
14892.0092	0.5392668843269348	0.7353098392486572	826.3063027210635	210.77280847418388	1	1	0	1	0	1	0	1	0	0
14926.412199999999	0.5392668843269348	0.7353098392486572	826.3063027210635	210.77280847418388	1	1	0	1	0	1	0	1	0	0
14960.501100000001	0.5392668843269348	0.7353098392486572	826.3063027210635	210.77280847418388	1	1	0	1	0	1	0	1	0	0
14994.426	0.5392668843269348	0.7353098392486572	826.3063027210635	210.77280847418388	1	1	0	1	0	1	0	1	0	0
15028.610499999995	0.5487318634986877	0.728963315486908	875.805213428819	183.6585547893594	1	1	0	1	0	1	0	1	0	0
15062.343399999998	0.5487318634986877	0.728963315486908	875.805213428819	183.6585547893594	1	1	0	1	0	1	0	1	0	0
15095.916599999997	0.5487318634986877	0.728963315486908	875.805213428819	183.6585547893594	1	1	0	1	0	1	0	1	0	0
15129.904499999997	0.5487318634986877	0.728963315486908	875.805213428819	183.6585547893594	1	1	0	1	0	1	0	1	0	0
15164.063900000001	0.5492297410964966	0.7135032415390015	924.5419609405917	160.5785424531003	1	1	0	1	0	1	0	1	0	0
15198.610699999997	0.5492297410964966	0.7135032415390015	924.5419609405917	160.5785424531003	1	1	0	1	0	1	0	1	0	0
15232.565900000001	0.5492297410964966	0.7135032415390015	924.5419609405917	160.5785424531003	1	1	0	1	0	1	0	1	0	0
15266.5887	0.5492297410964966	0.7135032415390015	924.5419609405917	160.5785424531003	1	1	0	1	0	1	0	1	0	0
15300.5824	0.5348828434944153	0.7149533033370972	971.4298911800402	143.29902108354065	1	1	0	1	0	1	0	1	0	0
15334.6129	0.5348828434944153	0.7149533033370972	971.4298911800402	143.29902108354065	1	1	0	1	0	1	0	1	0	0
15368.625399999997	0.5348828434944153	0.7149533033370972	971.4298911800402	143.29902108354065	1	1	0	1	0	1	0	1	0	0
15405.387900000002	0.5348828434944153	0.7149533033370972	971.4298911800402	143.29902108354065	1	1	0	1	0	1	0	1	0	0
15439.062899999997	0.5333245992660522	0.6788690090179443	971.4298911800402	143.29902108354065	1	1	0	1	0	1	0	1	0	0
15472.676899999999	0.5333245992660522	0.6788690090179443	1015.6066614826739	132.6879436212667	1	1	0	1	0	1	0	1	0	0
15506.681700000001	0.5333245992660522	0.6788690090179443	1015.6066614826739	132.6879436212667	1	1	0	1	0	1	0	1	0	0
15540.674399999996	0.5333245992660522	0.6788690090179443	1015.6066614826739	132.6879436212667	1	1	0	1	0	1	0	1	0	0
15574.21	0.5333245992660522	0.6788690090179443	1015.6066614826739	132.6879436212667	1	1	0	1	0	1	0	1	0	0
15608.228799999997	0.527279257774353	0.6635082960128784	1056.307382505508	126.93745271311379	1	1	0	1	0	1	0	1	0	0
15642.201399999998	0.527279257774353	0.6635082960128784	1056.307382505508	126.93745271311379	1	1	0	1	0	1	0	1	0	0
15676.646799999995	0.527279257774353	0.6635082960128784	1056.307382505508	126.93745271311379	1	1	0	1	0	1	0	1	0	0
15711.126299999996	0.527279257774353	0.6635082960128784	1056.307382505508	126.93745271311379	1	1	0	1	0	1	0	1	0	0
15745.145899999996	0.5108117461204529	0.6338331699371338	1092.9114854069808	123.72266782251637	1	1	0	1	0	1	0	1	0	0
15779.136299999998	0.5108117461204529	0.6338331699371338	1092.9114854069808	123.72266782251637	1	1	0	1	0	1	0	1	0	0
15813.144999999997	0.5108117461204529	0.6338331699371338	1092.9114854069808	123.72266782251637	1	1	0	1	0	1	0	1	0	0
15846.7131	0.5108117461204529	0.6338331699371338	1092.9114854069808	123.72266782251637	1	1	0	1	0	1	0	1	0	0
15880.3269	0.5108117461204529	0.6338331699371338	1092.9114854069808	123.72266782251637	1	1	0	1	0	1	0	1	0	0
15914.764499999997	0.5060216784477234	0.6306939721107483	1124.9803416695654	121.72760087503642	1	1	0	1	0	1	0	1	0	0
15948.3868	0.5060216784477234	0.6306939721107483	1124.9803416695654	121.72760087503642	1	1	0	1	0	1	0	1	0	0
15982.836799999997	0.5060216784477234	0.6306939721107483	1124.9803416695654	121.72760087503642	1	1	0	1	0	1	0	1	0	0
16016.922999999995	0.5060216784477234	0.6306939721107483	1124.9803416695654	121.72760087503642	1	1	0	1	0	1	0	1	0	0
16050.974799999996	0.5247316360473633	0.6256242394447327	1152.268574151206	120.26725674713889	1	1	0	1	0	1	0	1	0	0
16084.915499999996	0.5247316360473633	0.6256242394447327	1152.268574151206	120.26725674713889	1	1	0	1	0	1	0	1	0	0
16118.923999999999	0.5247316360473633	0.6256242394447327	1152.268574151206	120.26725674713889	1	1	0	1	0	1	0	1	0	0
16152.913699999997	0.5247316360473633	0.6256242394447327	1152.268574151206	120.26725674713889	1	1	0	1	0	1	0	1	0	0
16186.646999999997	0.5247316360473633	0.6256242394447327	1152.268574151206	120.26725674713889	1	1	0	1	0	1	0	1	0	0
16220.534500000002	0.4988139569759369	0.7041428089141846	1174.6780208370265	118.91706098991257	1	1	0	1	0	1	0	1	0	0
16254.6296	0.4988139569759369	0.7041428089141846	1174.6780208370265	118.91706098991257	1	1	0	1	0	1	0	1	0	0
16288.575899999996	0.4988139569759369	0.7041428089141846	1174.6780208370265	118.91706098991257	1	1	0	1	0	1	0	1	0	0
16322.5441	0.4988139569759369	0.7041428089141846	1174.6780208370265	118.91706098991257	1	1	0	1	0	1	0	1	0	0
16356.5521	0.4771365225315094	0.7015268802642822	1192.1197210304717	117.83159699586251	1	1	0	1	0	1	0	1	0	0
16392.5824	0.4771365225315094	0.7015268802642822	1192.1197210304717	117.83159699586251	1	1	0	1	0	1	0	1	0	0
16427.2364	0.4771365225315094	0.7015268802642822	1192.1197210304717	117.83159699586251	1	1	0	1	0	1	0	1	0	0
16461.345499999996	0.4771365225315094	0.7015268802642822	1192.1197210304717	117.83159699586251	1	1	0	1	0	1	0	1	0	0
16495.7338	0.4771365225315094	0.7015268802642822	1192.1197210304717	117.83159699586251	1	1	0	1	0	1	0	1	0	0
16529.829599999997	0.47006112337112427	0.6873445510864258	1204.5557863179754	117.9455692592915	1	1	0	1	0	1	0	1	0	0
16563.794	0.47006112337112427	0.6873445510864258	1204.5557863179754	117.9455692592915	1	1	0	1	0	1	0	1	0	0
16597.807099999998	0.47006112337112427	0.6873445510864258	1204.5557863179754	117.9455692592915	1	1	0	1	0	1	0	1	0	0
16631.8068	0.47006112337112427	0.6873445510864258	1204.5557863179754	117.9455692592915	1	1	0	1	0	1	0	1	0	0
16665.859899999996	0.47006112337112427	0.6873445510864258	1204.5557863179754	117.9455692592915	1	1	0	1	0	1	0	1	0	0
16700.081999999995	0.48900771141052246	0.6836565732955933	1212.3136648610762	120.23535939949045	1	1	0	1	0	1	0	1	0	0
16733.907099999997	0.48900771141052246	0.6836565732955933	1212.3136648610762	120.23535939949045	1	1	0	1	0	1	0	1	0	0
16767.975099999996	0.48900771141052246	0.6836565732955933	1212.3136648610762	120.23535939949045	1	1	0	1	0	1	0	1	0	0
16801.7748	0.48900771141052246	0.6836565732955933	1212.3136648610762	120.23535939949045	1	1	0	1	0	1	0	1	0	0
16836.272599999997	0.4964253306388855	0.6901108026504517	1216.176593592255	124.9089306634058	1	1	0	1	0	1	0	1	0	0
16870.2627	0.4964253306388855	0.6901108026504517	1216.176593592255	124.9089306634058	1	1	0	1	0	1	0	1	0	0
16904.2926	0.4964253306388855	0.6901108026504517	1216.176593592255	124.9089306634058	1	1	0	1	0	1	0	1	0	0
16938.981399999997	0.4964253306388855	0.6901108026504517	1216.176593592255	124.9089306634058	1	1	0	1	0	1	0	1	0	0
16972.8629	0.4964253306388855	0.6901108026504517	1216.176593592255	124.9089306634058	1	1	0	1	0	1	0	1	0	0
17006.6285	0.48866766691207886	0.7022566199302673	1217.0231933477744	131.46319306905428	1	1	0	1	0	1	0	1	0	0
17040.615399999995	0.48866766691207886	0.7022566199302673	1217.0231933477744	131.46319306905428	1	1	0	1	0	1	0	1	0	0
17074.648999999998	0.48866766691207886	0.7022566199302673	1217.0231933477744	131.46319306905428	1	1	0	1	0	1	0	1	0	0
17108.698299999996	0.48866766691207886	0.7022566199302673	1217.0231933477744	131.46319306905428	1	1	0	1	0	1	0	1	0	0
17143.3488	0.4891188144683838	0.7156038880348206	1215.3978323269394	139.28041001489578	1	1	0	1	0	1	0	1	0	0
17177.157099999997	0.4891188144683838	0.7156038880348206	1215.3978323269394	139.28041001489578	1	1	0	1	0	1	0	1	0	0
17211.148699999998	0.4891188144683838	0.7156038880348206	1215.3978323269394	139.28041001489578	1	1	0	1	0	1	0	1	0	0
17245.1348	0.4891188144683838	0.7156038880348206	1215.3978323269394	139.28041001489578	1	1	0	1	0	1	0	1	0	0
17279.271999999997	0.4891188144683838	0.7156038880348206	1215.3978323269394	139.28041001489578	1	1	0	1	0	1	0	1	0	0
17313.338799999998	0.4896995425224304	0.7199364900588989	1211.4086259433118	147.90722867523743	1	1	0	1	0	1	0	1	0	0
17346.881199999996	0.4896995425224304	0.7199364900588989	1211.4086259433118	147.90722867523743	1	1	0	1	0	1	0	1	0	0
17380.872499999998	0.4896995425224304	0.7199364900588989	1211.4086259433118	147.90722867523743	1	1	0	1	0	1	0	1	0	0
17414.882699999995	0.4896995425224304	0.7199364900588989	1211.4086259433118	147.90722867523743	1	1	0	1	0	1	0	1	0	0
17448.6288	0.47517314553260803	0.7238288521766663	1204.9450963960935	157.0386312804754	1	1	0	1	0	1	0	1	0	0
17483.043399999995	0.47517314553260803	0.7238288521766663	1204.9450963960935	157.0386312804754	1	1	0	1	0	1	0	1	0	0
17517.065199999997	0.47517314553260803	0.7238288521766663	1204.9450963960935	157.0386312804754	1	1	0	1	0	1	0	1	0	0
17550.9655	0.47517314553260803	0.7238288521766663	1204.9450963960935	157.0386312804754	1	1	0	1	0	1	0	1	0	0
17584.9934	0.47517314553260803	0.7238288521766663	1204.9450963960935	157.0386312804754	1	1	0	1	0	1	0	1	0	0
17619.6065	0.44950157403945923	0.7327008843421936	1195.7773587129313	166.73069395369225	1	1	0	1	0	1	0	1	0	0
17653.5999	0.44950157403945923	0.7327008843421936	1195.7773587129313	166.73069395369225	1	1	0	1	0	1	0	1	0	0
17687.6049	0.44950157403945923	0.7327008843421936	1195.7773587129313	166.73069395369225	1	1	0	1	0	1	0	1	0	0
17721.684799999995	0.44950157403945923	0.7327008843421936	1195.7773587129313	166.73069395369225	1	1	0	1	0	1	0	1	0	0
17755.862999999998	0.44950157403945923	0.7327008843421936	1195.7773587129313	166.73069395369225	1	1	0	1	0	1	0	1	0	0
17790.112399999998	0.44214949011802673	0.7183546423912048	1183.5996396932915	177.56680565752396	1	1	0	1	0	1	0	1	0	0
17824.1164	0.44214949011802673	0.7183546423912048	1183.5996396932915	177.56680565752396	1	1	0	1	0	1	0	1	0	0
17858.1316	0.44214949011802673	0.7183546423912048	1183.5996396932915	177.56680565752396	1	1	0	1	0	1	0	1	0	0
17892.130599999997	0.44214949011802673	0.7183546423912048	1183.5996396932915	177.56680565752396	1	1	0	1	0	1	0	1	0	0
17926.7485	0.45153746008872986	0.7206869125366211	1168.4261045516887	190.22696882948713	1	1	0	1	0	1	0	1	0	0
17961.174	0.45153746008872986	0.7206869125366211	1168.4261045516887	190.22696882948713	1	1	0	1	0	1	0	1	0	0
17995.1696	0.45153746008872986	0.7206869125366211	1168.4261045516887	190.22696882948713	1	1	0	1	0	1	0	1	0	0
18029.129399999998	0.45153746008872986	0.7206869125366211	1168.4261045516887	190.22696882948713	1	1	0	1	0	1	0	1	0	0
18063.190299999995	0.45153746008872986	0.7206869125366211	1168.4261045516887	190.22696882948713	1	1	0	1	0	1	0	1	0	0
18096.849499999997	0.4572773575782776	0.7009423971176147	1150.979805606325	204.83775441165108	1	1	0	1	0	1	0	1	0	0
18131.362699999998	0.4572773575782776	0.7009423971176147	1150.979805606325	204.83775441165108	1	1	0	1	0	1	0	1	0	0
18165.3903	0.4572773575782776	0.7009423971176147	1150.979805606325	204.83775441165108	1	1	0	1	0	1	0	1	0	0
18199.365699999995	0.4572773575782776	0.7009423971176147	1150.979805606325	204.83775441165108	1	1	0	1	0	1	0	1	0	0
18233.458899999998	0.4572773575782776	0.7009423971176147	1150.979805606325	204.83775441165108	1	1	0	1	0	1	0	1	0	0
18267.4551	0.4735296368598938	0.6565118432044983	1132.7895116335949	220.73435471109647	1	1	0	1	0	1	0	1	0	0
18301.435699999995	0.4735296368598938	0.6565118432044983	1132.7895116335949	220.73435471109647	1	1	0	1	0	1	0	1	0	0
18335.486599999997	0.4735296368598938	0.6565118432044983	1132.7895116335949	220.73435471109647	1	1	0	1	0	1	0	1	0	0
18369.7685	0.4735296368598938	0.6565118432044983	1132.7895116335949	220.73435471109647	1	1	0	1	0	1	0	1	0	0
18403.485999999997	0.48002466559410095	0.6493194103240967	1115.9469473742697	236.60991736327267	1	1	0	1	0	1	0	1	0	0
18437.516799999998	0.48002466559410095	0.6493194103240967	1115.9469473742697	236.60991736327267	1	1	0	1	0	1	0	1	0	0
18471.836499999998	0.48002466559410095	0.6493194103240967	1115.9469473742697	236.60991736327267	1	1	0	1	0	1	0	1	0	0
18506.5035	0.48002466559410095	0.6493194103240967	1115.9469473742697	236.60991736327267	1	1	0	1	0	1	0	1	0	0
18540.4966	0.48002466559410095	0.6493194103240967	1115.9469473742697	236.60991736327267	1	1	0	1	0	1	0	1	0	0
18574.4994	0.4853564202785492	0.6316196918487549	1102.3879577505713	250.9111107080757	1	1	0	1	0	1	0	1	0	0
18608.4945	0.4853564202785492	0.6316196918487549	1102.3879577505713	250.9111107080757	1	1	0	1	0	1	0	1	0	0
18642.493499999997	0.4853564202785492	0.6316196918487549	1102.3879577505713	250.9111107080757	1	1	0	1	0	1	0	1	0	0
18677.1644	0.4853564202785492	0.6316196918487549	1102.3879577505713	250.9111107080757	1	1	0	1	0	1	0	1	0	0
18711.414299999997	0.4853564202785492	0.6316196918487549	1102.3879577505713	250.9111107080757	1	1	0	1	0	1	0	1	0	0
18745.492699999995	0.4876786768436432	0.6386295557022095	1093.2967952162533	262.2948498896078	1	1	0	1	0	1	0	1	0	0
18780.416099999995	0.4876786768436432	0.6386295557022095	1093.2967952162533	262.2948498896078	1	1	0	1	0	1	0	1	0	0
18814.419799999996	0.4876786768436432	0.6386295557022095	1093.2967952162533	262.2948498896078	1	1	0	1	0	1	0	1	0	0
18848.4188	0.4876786768436432	0.6386295557022095	1093.2967952162533	262.2948498896078	1	1	0	1	0	1	0	1	0	0
18882.674399999996	0.4876786768436432	0.6386295557022095	1093.2967952162533	262.2948498896078	1	1	0	1	0	1	0	1	0	0
18916.6581	0.5118392109870911	0.5994459390640259	1089.087492970951	269.7344193347677	1	1	0	1	0	1	0	1	0	0
18950.949699999997	0.5118392109870911	0.5994459390640259	1089.087492970951	269.7344193347677	1	1	0	1	0	1	0	1	0	0
18985.647099999995	0.5118392109870911	0.5994459390640259	1089.087492970951	269.7344193347677	1	1	0	1	0	1	0	1	0	0
19019.6538	0.5118392109870911	0.5994459390640259	1089.087492970951	269.7344193347677	1	1	0	1	0	1	0	1	0	0
19053.6906	0.5118392109870911	0.5994459390640259	1089.087492970951	269.7344193347677	1	1	0	1	0	1	0	1	0	0
19089.8768	0.4306465983390808	0.6539920568466187	1089.6090971782892	272.83047350742424	1	1	0	1	0	1	0	1	0	0
19123.713399999993	0.4306465983390808	0.6539920568466187	1089.6090971782892	272.83047350742424	1	1	0	1	0	1	0	1	0	0
19157.713999999993	0.4306465983390808	0.6539920568466187	1089.6090971782892	272.83047350742424	1	1	0	1	0	1	0	1	0	0
19191.709399999992	0.4306465983390808	0.6539920568466187	1089.6090971782892	272.83047350742424	1	1	0	1	0	1	0	1	0	0
19225.76299999999	0.3957592844963074	0.4781481921672821	1094.3240662827716	272.7569947251942	1	1	0	1	0	1	0	1	0	0
19260.275999999998	0.3957592844963074	0.4781481921672821	1094.3240662827716	272.7569947251942	1	1	0	1	0	1	0	1	0	0
19294.286099999998	0.3957592844963074	0.4781481921672821	1094.3240662827716	272.7569947251942	1	1	0	1	0	1	0	1	0	0
19328.2935	0.3957592844963074	0.4781481921672821	1094.3240662827716	272.7569947251942	1	1	0	1	0	1	0	1	0	0
19362.595	0.3957592844963074	0.4781481921672821	1094.3240662827716	272.7569947251942	1	1	0	1	0	1	0	1	0	0
19396.7874	0.32460030913352966	0.449726939201355	1102.4587216654127	272.3833172558411	1	1	0	1	0	1	0	1	0	0
19430.7635	0.32460030913352966	0.449726939201355	1102.4587216654127	272.3833172558411	1	1	0	1	0	1	0	1	0	0
19464.753199999992	0.32460030913352966	0.449726939201355	1102.4587216654127	272.3833172558411	1	1	0	1	0	1	0	1	0	0
19498.772899999996	0.32460030913352966	0.449726939201355	1102.4587216654127	272.3833172558411	1	1	0	1	0	1	0	1	0	0
19532.771099999998	0.32460030913352966	0.449726939201355	1102.4587216654127	272.3833172558411	1	1	0	1	0	1	0	1	0	0
19567.385200000004	0.23945161700248718	0.39390337467193604	1113.1257877896746	275.19325115488977	1	1	0	1	0	1	0	1	0	0
19601.299899999998	0.23945161700248718	0.39390337467193604	1113.1257877896746	275.19325115488977	1	1	0	1	0	1	0	1	0	0
19635.274999999994	0.23945161700248718	0.39390337467193604	1113.1257877896746	275.19325115488977	1	1	0	1	0	1	0	1	0	0
19669.004499999995	0.23945161700248718	0.39390337467193604	1113.1257877896746	275.19325115488977	1	1	0	1	0	1	0	1	0	0
19703.373299999992	0.23945161700248718	0.39390337467193604	1113.1257877896746	275.19325115488977	1	1	0	1	0	1	0	1	0	0
19737.702300000004	0.1903994083404541	0.4209940731525421	1125.4201034201433	284.0332415721831	1	1	0	1	0	1	0	1	0	0
19772.341100000005	0.1903994083404541	0.4209940731525421	1125.4201034201433	284.0332415721831	1	1	0	1	0	1	0	1	0	0
19806.363400000002	0.1903994083404541	0.4209940731525421	1125.4201034201433	284.0332415721831	1	1	0	1	0	1	0	1	0	0
19840.358099999998	0.1903994083404541	0.4209940731525421	1125.4201034201433	284.0332415721831	1	1	0	1	0	1	0	1	0	0
19874.4455	0.1903994083404541	0.4209940731525421	1125.4201034201433	284.0332415721831	1	1	0	1	0	1	0	1	0	0
19908.450599999996	0.17841628193855286	0.4323711395263672	1138.4894516231413	300.2820250944244	1	1	0	1	0	1	0	1	0	0
19942.458199999994	0.17841628193855286	0.4323711395263672	1138.4894516231413	300.2820250944244	1	1	0	1	0	1	0	1	0	0
19976.467099999994	0.17841628193855286	0.4323711395263672	1138.4894516231413	300.2820250944244	1	1	0	1	0	1	0	1	0	0
20010.747300000003	0.17841628193855286	0.4323711395263672	1138.4894516231413	300.2820250944244	1	1	0	1	0	1	0	1	0	0
20045.744399999996	0.32783254981040955	0.3923090696334839	1151.583110337751	323.88005330471856	1	1	0	1	0	1	0	1	0	0
20079.713000000003	0.32783254981040955	0.3923090696334839	1151.583110337751	323.88005330471856	1	1	0	1	0	1	0	1	0	0
20113.777799999996	0.32783254981040955	0.3923090696334839	1151.583110337751	323.88005330471856	1	1	0	1	0	1	0	1	0	0
20147.802800000005	0.32783254981040955	0.3923090696334839	1151.583110337751	323.88005330471856	1	1	0	1	0	1	0	1	0	0
20182.121799999994	0.32783254981040955	0.3923090696334839	1151.583110337751	323.88005330471856	1	1	0	1	0	1	0	1	0	0
20216.125	0.4340274930000305	0.4383504092693329	1164.0811578621497	353.2434934849324	1	1	0	1	0	1	0	1	0	0
20250.147599999997	0.4340274930000305	0.4383504092693329	1164.0811578621497	353.2434934849324	1	1	0	1	0	1	0	1	0	0
20284.855800000005	0.4340274930000305	0.4383504092693329	1164.0811578621497	353.2434934849324	1	1	0	1	0	1	0	1	0	0
20318.5481	0.4340274930000305	0.4383504092693329	1164.0811578621497	353.2434934849324	1	1	0	1	0	1	0	1	0	0
20352.47529999999	0.4340274930000305	0.4383504092693329	1164.0811578621497	353.2434934849324	1	1	0	1	0	1	0	1	0	0
20386.449699999997	0.4664272665977478	0.5416703820228577	1175.50778808098	384.69047927265217	1	1	0	1	0	1	0	1	0	0
20420.472800000003	0.4664272665977478	0.5416703820228577	1175.50778808098	384.69047927265217	1	1	0	1	0	1	0	1	0	0
20454.4868	0.4664272665977478	0.5416703820228577	1175.50778808098	384.69047927265217	1	1	0	1	0	1	0	1	0	0
20488.189499999993	0.4664272665977478	0.5416703820228577	1175.50778808098	384.69047927265217	1	1	0	1	0	1	0	1	0	0
20521.7932	0.4664272665977478	0.5416703820228577	1175.50778808098	384.69047927265217	1	1	0	1	0	1	0	1	0	0
20556.772599999997	0.49455851316452026	0.6176927089691162	1185.5319213235166	413.2533965896126	1	1	0	1	0	1	0	1	0	0
20590.815499999997	0.49455851316452026	0.6176927089691162	1185.5319213235166	413.2533965896126	1	1	0	1	0	1	0	1	0	0
20624.781300000002	0.49455851316452026	0.6176927089691162	1185.5319213235166	413.2533965896126	1	1	0	1	0	1	0	1	0	0
20658.699200000003	0.49455851316452026	0.6176927089691162	1185.5319213235166	413.2533965896126	1	1	0	1	0	1	0	1	0	0
20692.8235	0.49455851316452026	0.6176927089691162	1185.5319213235166	413.2533965896126	1	1	0	1	0	1	0	1	0	0
20726.794800000003	0.5358837842941284	0.6920864582061768	1193.958269297888	434.4380884418739	1	1	0	1	0	1	0	1	0	0
20760.790699999998	0.5358837842941284	0.6920864582061768	1193.958269297888	434.4380884418739	1	1	0	1	0	1	0	1	0	0
20794.784799999994	0.5358837842941284	0.6920864582061768	1193.958269297888	434.4380884418739	1	1	0	1	0	1	0	1	0	0
20828.773499999996	0.5358837842941284	0.6920864582061768	1193.958269297888	434.4380884418739	1	1	0	1	0	1	0	1	0	0
20862.746799999994	0.5358837842941284	0.6920864582061768	1193.958269297888	434.4380884418739	1	1	0	1	0	1	0	1	0	0
20896.751999999993	0.5389285087585449	0.7121390104293823	1200.7117615988964	444.99235105185994	1	1	0	1	0	1	0	1	0	0
20930.7512	0.5389285087585449	0.7121390104293823	1200.7117615988964	444.99235105185994	1	1	0	1	0	1	0	1	0	0
20964.8082	0.5389285087585449	0.7121390104293823	1200.7117615988964	444.99235105185994	1	1	0	1	0	1	0	1	0	0
20998.78779999999	0.5389285087585449	0.7121390104293823	1200.7117615988964	444.99235105185994	1	1	0	1	0	1	0	1	0	0
21032.815000000002	0.5389285087585449	0.7121390104293823	1200.7117615988964	444.99235105185994	1	1	0	1	0	1	0	1	0	0
21068.074999999997	0.5837602615356445	0.7077244520187378	1205.81790261062	444.1355705254823	1	1	0	1	0	1	0	1	0	0
21101.8134	0.5837602615356445	0.7077244520187378	1205.81790261062	444.1355705254823	1	1	0	1	0	1	0	1	0	0
21135.841799999995	0.5837602615356445	0.7077244520187378	1205.81790261062	444.1355705254823	1	1	0	1	0	1	0	1	0	0
21170.107799999998	0.5837602615356445	0.7077244520187378	1205.81790261062	444.1355705254823	1	1	0	1	0	1	0	1	0	0
21204.1112	0.5885161757469177	0.7236980199813843	1209.3812352330315	435.183231547952	1	1	0	1	0	1	0	1	0	0
21318.677899999995	0.5885161757469177	0.7236980199813843	1211.5636722147779	423.89915762027766	1	1	0	1	0	1	0	1	0	0
21352.454700000002	0.5899169445037842	0.6999433040618896	1212.5640427459248	415.0899058769102	1	1	0	1	0	1	0	1	0	0
21386.557700000005	0.5899169445037842	0.6999433040618896	1212.5640427459248	415.0899058769102	1	1	0	1	0	1	0	1	0	0
21420.4513	0.5765528678894043	0.6874635219573975	1212.5998118700381	411.5395250957657	1	1	0	1	0	1	0	1	0	0
21454.477199999994	0.5765528678894043	0.6874635219573975	1212.5998118700381	411.5395250957657	1	1	0	1	0	1	0	1	0	0
21488.493399999992	0.5807884335517883	0.6788501739501953	1211.8915783567254	414.48550164546947	1	1	0	1	0	1	0	1	0	0
21523.440000000002	0.5807884335517883	0.6788501739501953	1211.8915783567254	414.48550164546947	1	1	0	1	0	1	0	1	0	0
21557.445399999997	0.5709960460662842	0.696088433265686	1210.6506529439393	424.0345464120028	1	1	0	1	0	1	0	1	0	0
21592.7114	0.5709960460662842	0.696088433265686	1210.6506529439393	424.0345464120028	1	1	0	1	0	1	0	1	0	0
21626.933000000005	0.5709960460662842	0.696088433265686	1210.6506529439393	424.0345464120028	1	1	0	1	0	1	0	1	0	0
21660.9556	0.5709960460662842	0.696088433265686	1210.6506529439393	424.0345464120028	1	1	0	1	0	1	0	1	0	0
21694.926099999997	0.5709960460662842	0.696088433265686	1210.6506529439393	424.0345464120028	1	1	0	1	0	1	0	1	0	0
21729.401100000003	0.5709960460662842	0.696088433265686	1210.6506529439393	424.0345464120028	1	1	0	1	0	1	0	1	0	0
21763.799499999994	0.5709960460662842	0.696088433265686	1210.6506529439393	424.0345464120028	1	1	0	1	0	1	0	1	0	0
21797.800399999993	0.5709960460662842	0.696088433265686	1210.6506529439393	424.0345464120028	1	1	0	1	0	1	0	1	0	0
21831.6651	0.5709960460662842	0.696088433265686	1210.6506529439393	424.0345464120028	1	1	0	1	0	1	0	1	0	0
21866.445599999992	0.5709960460662842	0.696088433265686	1210.6506529439393	424.0345464120028	1	1	0	1	0	1	0	1	0	0
21900.411999999997	0.5709960460662842	0.696088433265686	1210.6506529439393	424.0345464120028	1	1	0	1	0	1	0	1	0	0
21934.4415	0.5709960460662842	0.696088433265686	1210.6506529439393	424.0345464120028	1	1	0	1	0	1	0	1	0	0
21967.952099999995	0.5709960460662842	0.696088433265686	1210.6506529439393	424.0345464120028	1	1	0	1	0	1	0	1	0	0
22001.9694	0.5709960460662842	0.696088433265686	1210.6506529439393	424.0345464120028	1	1	0	1	0	1	0	1	0	0
22036.0631	0.5709960460662842	0.696088433265686	1210.6506529439393	424.0345464120028	1	1	0	1	0	1	0	1	0	0
22070.117799999993	0.5709960460662842	0.696088433265686	1210.6506529439393	424.0345464120028	1	1	0	1	0	1	0	1	0	0
22104.051299999992	0.5709960460662842	0.696088433265686	1210.6506529439393	424.0345464120028	1	1	0	1	0	1	0	1	0	0
22138.044599999994	0.5709960460662842	0.696088433265686	1210.6506529439393	424.0345464120028	1	1	0	1	0	1	0	1	0	0
22172.031000000003	0.5709960460662842	0.696088433265686	1210.6506529439393	424.0345464120028	1	1	0	1	0	1	0	1	0	0
22206.441999999995	0.5709960460662842	0.696088433265686	1210.6506529439393	424.0345464120028	1	1	0	1	0	1	0	1	0	0
22240.842399999994	0.5709960460662842	0.696088433265686	1210.6506529439393	424.0345464120028	1	1	0	1	0	1	0	1	0	0
22275.11929999999	0.5709960460662842	0.696088433265686	1210.6506529439393	424.0345464120028	1	1	0	1	0	1	0	1	0	0
22309.135500000004	0.5709960460662842	0.696088433265686	1210.6506529439393	424.0345464120028	1	1	0	1	0	1	0	1	0	0
22343.154299999995	0.5709960460662842	0.696088433265686	1210.6506529439393	424.0345464120028	1	1	0	1	0	1	0	1	0	0
22377.117499999993	0.5709960460662842	0.696088433265686	1210.6506529439393	424.0345464120028	1	1	0	1	0	1	0	1	0	0
22411.650599999994	0.5709960460662842	0.696088433265686	1210.6506529439393	424.0345464120028	1	1	0	1	0	1	0	1	0	0
22445.676399999997	0.5709960460662842	0.696088433265686	1210.6506529439393	424.0345464120028	1	1	0	1	0	1	0	1	0	0
22479.6244	0.5709960460662842	0.696088433265686	1210.6506529439393	424.0345464120028	1	1	0	1	0	1	0	1	0	0
22513.616299999994	0.5709960460662842	0.696088433265686	1210.6506529439393	424.0345464120028	1	1	0	1	0	1	0	1	0	0
22547.6262	0.5709960460662842	0.696088433265686	1210.6506529439393	424.0345464120028	1	1	0	1	0	1	0	1	0	0
22581.679399999994	0.5709960460662842	0.696088433265686	1210.6506529439393	424.0345464120028	1	1	0	1	0	1	0	1	0	0
22615.698099999994	0.5709960460662842	0.696088433265686	1210.6506529439393	424.0345464120028	1	1	0	1	0	1	0	1	0	0
22649.6814	0.5709960460662842	0.696088433265686	1210.6506529439393	424.0345464120028	1	1	0	1	0	1	0	1	0	0
22683.741200000004	0.5709960460662842	0.696088433265686	1210.6506529439393	424.0345464120028	1	1	0	1	0	1	0	1	0	0
22717.718999999997	0.5709960460662842	0.696088433265686	1210.6506529439393	424.0345464120028	1	1	0	1	0	1	0	1	0	0
22752.0331	0.5709960460662842	0.696088433265686	1210.6506529439393	424.0345464120028	1	1	0	1	0	1	0	1	0	0
22786.1002	0.5709960460662842	0.696088433265686	1210.6506529439393	424.0345464120028	1	1	0	1	0	1	0	1	0	0
22820.071800000005	0.5709960460662842	0.696088433265686	1210.6506529439393	424.0345464120028	1	1	0	1	0	1	0	1	0	0
22854.035699999993	0.5709960460662842	0.696088433265686	1210.6506529439393	424.0345464120028	1	1	0	1	0	1	0	1	0	0
22887.877099999998	0.5709960460662842	0.696088433265686	1210.6506529439393	424.0345464120028	1	1	0	1	0	1	0	1	0	0
22921.803199999995	0.5709960460662842	0.696088433265686	1210.6506529439393	424.0345464120028	1	1	0	1	0	1	0	1	0	0
22955.8352	0.5709960460662842	0.696088433265686	1210.6506529439393	424.0345464120028	1	1	0	1	0	1	0	1	0	0
22989.806899999996	0.5709960460662842	0.696088433265686	1210.6506529439393	424.0345464120028	1	1	0	1	0	1	0	1	0	0
23023.796099999992	0.5709960460662842	0.696088433265686	1210.6506529439393	424.0345464120028	1	1	0	1	0	1	0	1	0	0
23057.848100000003	0.5709960460662842	0.696088433265686	1210.6506529439393	424.0345464120028	1	1	0	1	0	1	0	1	0	0
23091.8894	0.5709960460662842	0.696088433265686	1210.6506529439393	424.0345464120028	1	1	0	1	0	1	0	1	0	0
23125.836500000005	0.5709960460662842	0.696088433265686	1210.6506529439393	424.0345464120028	1	1	0	1	0	1	0	1	0	0
23160.874599999996	0.5709960460662842	0.696088433265686	1210.6506529439393	424.0345464120028	1	1	0	1	0	1	0	1	0	0
23195.8897	0.5709960460662842	0.696088433265686	1210.6506529439393	424.0345464120028	1	1	0	1	0	1	0	1	0	0
23230.410799999998	0.5709960460662842	0.696088433265686	1210.6506529439393	424.0345464120028	1	1	0	1	0	1	0	1	0	0
23264.896200000003	0.5709960460662842	0.696088433265686	1210.6506529439393	424.0345464120028	1	1	0	1	0	1	0	1	0	0
23300.395399999994	0.5709960460662842	0.696088433265686	1210.6506529439393	424.0345464120028	1	1	0	1	0	1	0	1	0	0
23334.6676	0.5709960460662842	0.696088433265686	1210.6506529439393	424.0345464120028	1	1	0	1	0	1	0	1	0	0
23368.672999999995	0.5709960460662842	0.696088433265686	1210.6506529439393	424.0345464120028	1	1	0	1	0	1	0	1	0	0
23402.710099999997	0.5709960460662842	0.696088433265686	1210.6506529439393	424.0345464120028	1	1	0	1	0	1	0	1	0	0
23436.597299999994	0.5709960460662842	0.696088433265686	1210.6506529439393	424.0345464120028	1	1	0	1	0	1	0	1	0	0
23470.649600000004	0.5709960460662842	0.696088433265686	1210.6506529439393	424.0345464120028	1	1	0	1	0	1	0	1	0	0
23504.637600000002	0.5709960460662842	0.696088433265686	1210.6506529439393	424.0345464120028	1	1	0	1	0	1	0	1	0	0
23538.6961	0.5709960460662842	0.696088433265686	1210.6506529439393	424.0345464120028	1	1	0	1	0	1	0	1	0	0
23572.699399999998	0.5709960460662842	0.696088433265686	1210.6506529439393	424.0345464120028	1	1	0	1	0	1	0	1	0	0
23607.722200000004	0.5709960460662842	0.696088433265686	1210.6506529439393	424.0345464120028	1	1	0	1	0	1	0	1	0	0
23641.593999999997	0.5709960460662842	0.696088433265686	1210.6506529439393	424.0345464120028	1	1	0	1	0	1	0	1	0	0
23676.106100000005	0.5709960460662842	0.696088433265686	1210.6506529439393	424.0345464120028	1	1	0	1	0	1	0	1	0	0
23710.629199999996	0.5709960460662842	0.696088433265686	1210.6506529439393	424.0345464120028	1	1	0	1	0	1	0	1	0	0
23744.6259	0.5709960460662842	0.696088433265686	1210.6506529439393	424.0345464120028	1	1	0	1	0	1	0	1	0	0
23779.0928	0.5709960460662842	0.696088433265686	1210.6506529439393	424.0345464120028	1	1	0	1	0	1	0	1	0	0
23812.630699999994	0.5709960460662842	0.696088433265686	1210.6506529439393	424.0345464120028	1	1	0	1	0	1	0	1	0	0
23846.64809999999	0.5709960460662842	0.696088433265686	1210.6506529439393	424.0345464120028	1	1	0	1	0	1	0	1	0	0
23880.7834	0.5709960460662842	0.696088433265686	1210.6506529439393	424.0345464120028	1	1	0	1	0	1	0	1	0	0
23914.771500000003	0.5709960460662842	0.696088433265686	1210.6506529439393	424.0345464120028	1	1	0	1	0	1	0	1	0	0
23948.77279999999	0.5709960460662842	0.696088433265686	1210.6506529439393	424.0345464120028	1	1	0	1	0	1	0	1	0	0
23982.86989999999	0.5709960460662842	0.696088433265686	1210.6506529439393	424.0345464120028	1	1	0	1	0	1	0	1	0	0
24017.307	0.5709960460662842	0.696088433265686	1210.6506529439393	424.0345464120028	1	1	0	1	0	1	0	1	0	0
24051.089500000002	0.5709960460662842	0.696088433265686	1210.6506529439393	424.0345464120028	1	1	0	1	0	1	0	1	0	0
24085.204100000003	0.5709960460662842	0.696088433265686	1210.6506529439393	424.0345464120028	1	1	0	1	0	1	0	1	0	0
24119.0904	0.5709960460662842	0.696088433265686	1210.6506529439393	424.0345464120028	1	1	0	1	0	1	0	1	0	0
24153.434599999993	0.5709960460662842	0.696088433265686	1210.6506529439393	424.0345464120028	1	1	0	1	0	1	0	1	0	0
24187.7595	0.5709960460662842	0.696088433265686	1210.6506529439393	424.0345464120028	1	1	0	1	0	1	0	1	0	0
24221.5539	0.5709960460662842	0.696088433265686	1210.6506529439393	424.0345464120028	1	1	0	1	0	1	0	1	0	0
24255.56629999999	0.5709960460662842	0.696088433265686	1210.6506529439393	424.0345464120028	1	1	0	1	0	1	0	1	0	0
24289.528900000005	0.5709960460662842	0.696088433265686	1210.6506529439393	424.0345464120028	1	1	0	1	0	1	0	1	0	0
24323.5239	0.5709960460662842	0.696088433265686	1210.6506529439393	424.0345464120028	1	1	0	1	0	1	0	1	0	0
24357.746799999994	0.5709960460662842	0.696088433265686	1210.6506529439393	424.0345464120028	1	1	0	1	0	1	0	1	0	0
24391.646699999998	0.5709960460662842	0.696088433265686	1210.6506529439393	424.0345464120028	1	1	0	1	0	1	0	1	0	0
24425.6164	0.5709960460662842	0.696088433265686	1210.6506529439393	424.0345464120028	1	1	0	1	0	1	0	1	0	0
24459.617400000003	0.5709960460662842	0.696088433265686	1210.6506529439393	424.0345464120028	1	1	0	1	0	1	0	1	0	0
24493.456600000005	0.5709960460662842	0.696088433265686	1210.6506529439393	424.0345464120028	1	1	0	1	0	1	0	1	0	0
24528.175799999997	0.5709960460662842	0.696088433265686	1210.6506529439393	424.0345464120028	1	1	0	1	0	1	0	1	0	0
24561.861300000004	0.5709960460662842	0.696088433265686	1210.6506529439393	424.0345464120028	1	1	0	1	0	1	0	1	0	0
24595.8621	0.5709960460662842	0.696088433265686	1210.6506529439393	424.0345464120028	1	1	0	1	0	1	0	1	0	0
24629.500499999995	0.5709960460662842	0.696088433265686	1210.6506529439393	424.0345464120028	1	1	0	1	0	1	0	1	0	0
24663.735799999995	0.5709960460662842	0.696088433265686	1210.6506529439393	424.0345464120028	1	1	0	1	0	1	0	1	0	0
24698.024000000005	0.5709960460662842	0.696088433265686	1210.6506529439393	424.0345464120028	1	1	0	1	0	1	0	1	0	0
24732.011499999993	0.5709960460662842	0.696088433265686	1210.6506529439393	424.0345464120028	1	1	0	1	0	1	0	1	0	0
24766.086299999995	0.5709960460662842	0.696088433265686	1210.6506529439393	424.0345464120028	1	1	0	1	0	1	0	1	0	0
24800.0205	0.5709960460662842	0.696088433265686	1210.6506529439393	424.0345464120028	1	1	0	1	0	1	0	1	0	0
24833.77339999999	0.5709960460662842	0.696088433265686	1210.6506529439393	424.0345464120028	1	1	0	1	0	1	0	1	0	0
24867.8039	0.5709960460662842	0.696088433265686	1210.6506529439393	424.0345464120028	1	1	0	1	0	1	0	1	0	0
24901.8214	0.5709960460662842	0.696088433265686	1210.6506529439393	424.0345464120028	1	1	0	1	0	1	0	1	0	0
24936.776100000003	0.5709960460662842	0.696088433265686	1210.6506529439393	424.0345464120028	1	1	0	1	0	1	0	1	0	0
24970.883799999996	0.5709960460662842	0.696088433265686	1210.6506529439393	424.0345464120028	1	1	0	1	0	1	0	1	0	0
25005.513699999996	0.5709960460662842	0.696088433265686	1210.6506529439393	424.0345464120028	1	1	0	1	0	1	0	1	0	0
25039.312999999995	0.5709960460662842	0.696088433265686	1210.6506529439393	424.0345464120028	1	1	0	1	0	1	0	1	0	0
25073.5754	0.5709960460662842	0.696088433265686	1210.6506529439393	424.0345464120028	1	1	0	1	0	1	0	1	0	0
25107.8447	0.5709960460662842	0.696088433265686	1210.6506529439393	424.0345464120028	1	1	0	1	0	1	0	1	0	0
25142.8159	0.5709960460662842	0.696088433265686	1210.6506529439393	424.0345464120028	1	1	0	1	0	1	0	1	0	0
25177.458700000003	0.5709960460662842	0.696088433265686	1210.6506529439393	424.0345464120028	1	1	0	1	0	1	0	1	0	0
25211.473199999993	0.5709960460662842	0.696088433265686	1210.6506529439393	424.0345464120028	1	1	0	1	0	1	0	1	0	0
25245.353900000002	0.5709960460662842	0.696088433265686	1210.6506529439393	424.0345464120028	1	1	0	1	0	1	0	1	0	0
25278.875799999994	0.5709960460662842	0.696088433265686	1210.6506529439393	424.0345464120028	1	1	0	1	0	1	0	1	0	0
25317.219199999992	0.5709960460662842	0.696088433265686	1210.6506529439393	424.0345464120028	1	1	0	1	0	1	0	1	0	0
25350.960699999996	0.5709960460662842	0.696088433265686	1210.6506529439393	424.0345464120028	1	1	0	1	0	1	0	1	0	0
25384.9651	0.5709960460662842	0.696088433265686	1210.6506529439393	424.0345464120028	1	1	0	1	0	1	0	1	0	0
25418.978900000002	0.5709960460662842	0.696088433265686	1210.6506529439393	424.0345464120028	1	1	0	1	0	1	0	1	0	0
25452.976599999995	0.5709960460662842	0.696088433265686	1210.6506529439393	424.0345464120028	1	1	0	1	0	1	0	1	0	0
25487.0392	0.5709960460662842	0.696088433265686	1210.6506529439393	424.0345464120028	1	1	0	1	0	1	0	1	0	0
25520.997999999992	0.5709960460662842	0.696088433265686	1210.6506529439393	424.0345464120028	1	1	0	1	0	1	0	1	0	0
25555.064599999998	0.5709960460662842	0.696088433265686	1210.6506529439393	424.0345464120028	1	1	0	1	0	1	0	1	0	0
25589.659199999995	0.5709960460662842	0.696088433265686	1210.6506529439393	424.0345464120028	1	1	0	1	0	1	0	1	0	0
25624.084699999992	0.5709960460662842	0.696088433265686	1210.6506529439393	424.0345464120028	1	1	0	1	0	1	0	1	0	0
25658.0089	0.5709960460662842	0.696088433265686	1210.6506529439393	424.0345464120028	1	1	0	1	0	1	0	1	0	0
25692.0245	0.5709960460662842	0.696088433265686	1210.6506529439393	424.0345464120028	1	1	0	1	0	1	0	1	0	0
25726.268899999995	0.5709960460662842	0.696088433265686	1210.6506529439393	424.0345464120028	1	1	0	1	0	1	0	1	0	0
25760.794599999994	0.5709960460662842	0.696088433265686	1210.6506529439393	424.0345464120028	1	1	0	1	0	1	0	1	0	0
25794.796399999992	0.5709960460662842	0.696088433265686	1210.6506529439393	424.0345464120028	1	1	0	1	0	1	0	1	0	0
25828.8557	0.5709960460662842	0.696088433265686	1210.6506529439393	424.0345464120028	1	1	0	1	0	1	0	1	0	0
25862.800900000002	0.5709960460662842	0.696088433265686	1210.6506529439393	424.0345464120028	1	1	0	1	0	1	0	1	0	0
25896.816099999996	0.5709960460662842	0.696088433265686	1210.6506529439393	424.0345464120028	1	1	0	1	0	1	0	1	0	0
25931.127999999997	0.5709960460662842	0.696088433265686	1210.6506529439393	424.0345464120028	1	1	0	1	0	1	0	1	0	0
25964.7221	0.5709960460662842	0.696088433265686	1210.6506529439393	424.0345464120028	1	1	0	1	0	1	0	1	0	0
25998.7255	0.5709960460662842	0.696088433265686	1210.6506529439393	424.0345464120028	1	1	0	1	0	1	0	1	0	0
26032.7178	0.5709960460662842	0.696088433265686	1210.6506529439393	424.0345464120028	1	1	0	1	0	1	0	1	0	0
26066.7108	0.5709960460662842	0.696088433265686	1210.6506529439393	424.0345464120028	1	1	0	1	0	1	0	1	0	0
26100.748299999992	0.5709960460662842	0.696088433265686	1210.6506529439393	424.0345464120028	1	1	0	1	0	1	0	1	0	0
26134.7151	0.5709960460662842	0.696088433265686	1210.6506529439393	424.0345464120028	1	1	0	1	0	1	0	1	0	0
26168.766799999998	0.5709960460662842	0.696088433265686	1210.6506529439393	424.0345464120028	1	1	0	1	0	1	0	1	0	0
26203.708499999993	0.5709960460662842	0.696088433265686	1210.6506529439393	424.0345464120028	1	1	0	1	0	1	0	1	0	0
26237.813800000004	0.5709960460662842	0.696088433265686	1210.6506529439393	424.0345464120028	1	1	0	1	0	1	0	1	0	0
26271.814400000003	0.5709960460662842	0.696088433265686	1210.6506529439393	424.0345464120028	1	1	0	1	0	1	0	1	0	0
26305.606799999994	0.5709960460662842	0.696088433265686	1210.6506529439393	424.0345464120028	1	1	0	1	0	1	0	1	0	0
26339.614	0.5709960460662842	0.696088433265686	1210.6506529439393	424.0345464120028	1	1	0	1	0	1	0	1	0	0
26373.638699999996	0.5709960460662842	0.696088433265686	1210.6506529439393	424.0345464120028	1	1	0	1	0	1	0	1	0	0
26407.250499999995	0.5709960460662842	0.696088433265686	1210.6506529439393	424.0345464120028	1	1	0	1	0	1	0	1	0	0
26441.43609999999	0.5709960460662842	0.696088433265686	1210.6506529439393	424.0345464120028	1	1	0	1	0	1	0	1	0	0
26475.435799999992	0.5709960460662842	0.696088433265686	1210.6506529439393	424.0345464120028	1	1	0	1	0	1	0	1	0	0
26509.493799999997	0.5709960460662842	0.696088433265686	1210.6506529439393	424.0345464120028	1	1	0	1	0	1	0	1	0	0
26543.4314	0.5709960460662842	0.696088433265686	1210.6506529439393	424.0345464120028	1	1	0	1	0	1	0	1	0	0
26577.0953	0.5709960460662842	0.696088433265686	1210.6506529439393	424.0345464120028	1	1	0	1	0	1	0	1	0	0
26610.731199999995	0.5709960460662842	0.696088433265686	1210.6506529439393	424.0345464120028	1	1	0	1	0	1	0	1	0	0
26644.733500000002	0.5709960460662842	0.696088433265686	1210.6506529439393	424.0345464120028	1	1	0	1	0	1	0	1	0	0
26678.7322	0.5709960460662842	0.696088433265686	1210.6506529439393	424.0345464120028	1	1	0	1	0	1	0	1	0	0
26712.731	0.5709960460662842	0.696088433265686	1210.6506529439393	424.0345464120028	1	1	0	1	0	1	0	1	0	0
26747.017200000002	0.5709960460662842	0.696088433265686	1210.6506529439393	424.0345464120028	1	1	0	1	0	1	0	1	0	0
26780.990300000005	0.5709960460662842	0.696088433265686	1210.6506529439393	424.0345464120028	1	1	0	1	0	1	0	1	0	0
26814.9654	0.5709960460662842	0.696088433265686	1210.6506529439393	424.0345464120028	1	1	0	1	0	1	0	1	0	0
26849.122600000002	0.5709960460662842	0.696088433265686	1210.6506529439393	424.0345464120028	1	1	0	1	0	1	0	1	0	0
26882.685599999997	0.5709960460662842	0.696088433265686	1210.6506529439393	424.0345464120028	1	1	0	1	0	1	0	1	0	0
26917.086599999995	0.5709960460662842	0.696088433265686	1210.6506529439393	424.0345464120028	1	1	0	1	0	1	0	1	0	0
26950.9957	0.5709960460662842	0.696088433265686	1210.6506529439393	424.0345464120028	1	1	0	1	0	1	0	1	0	0
26985.031600000002	0.5709960460662842	0.696088433265686	1210.6506529439393	424.0345464120028	1	1	0	1	0	1	0	1	0	0
27018.9942	0.5709960460662842	0.696088433265686	1210.6506529439393	424.0345464120028	1	1	0	1	0	1	0	1	0	0
27053.020999999993	0.5709960460662842	0.696088433265686	1210.6506529439393	424.0345464120028	1	1	0	1	0	1	0	1	0	0
27086.99919999999	0.5709960460662842	0.696088433265686	1210.6506529439393	424.0345464120028	1	1	0	1	0	1	0	1	0	0
27120.9504	0.5709960460662842	0.696088433265686	1210.6506529439393	424.0345464120028	1	1	0	1	0	1	0	1	0	0
27155.026799999992	0.5709960460662842	0.696088433265686	1210.6506529439393	424.0345464120028	1	1	0	1	0	1	0	1	0	0
27188.9611	0.5709960460662842	0.696088433265686	1210.6506529439393	424.0345464120028	1	1	0	1	0	1	0	1	0	0
27223.4069	0.5709960460662842	0.696088433265686	1210.6506529439393	424.0345464120028	1	1	0	1	0	1	0	1	0	0
27257.411099999998	0.5709960460662842	0.696088433265686	1210.6506529439393	424.0345464120028	1	1	0	1	0	1	0	1	0	0
27291.068199999994	0.5709960460662842	0.696088433265686	1210.6506529439393	424.0345464120028	1	1	0	1	0	1	0	1	0	0
27325.231499999994	0.5709960460662842	0.696088433265686	1210.6506529439393	424.0345464120028	1	1	0	1	0	1	0	1	0	0
27360.055500000002	0.5709960460662842	0.696088433265686	1210.6506529439393	424.0345464120028	1	1	0	1	0	1	0	1	0	0
27393.598799999992	0.5709960460662842	0.696088433265686	1210.6506529439393	424.0345464120028	1	1	0	1	0	1	0	1	0	0
27427.6826	0.5709960460662842	0.696088433265686	1210.6506529439393	424.0345464120028	1	1	0	1	0	1	0	1	0	0
27461.574200000003	0.5709960460662842	0.696088433265686	1210.6506529439393	424.0345464120028	1	1	0	1	0	1	0	1	0	0
27495.6106	0.5709960460662842	0.696088433265686	1210.6506529439393	424.0345464120028	1	1	0	1	0	1	0	1	0	0
27530.118799999997	0.5709960460662842	0.696088433265686	1210.6506529439393	424.0345464120028	1	1	0	1	0	1	0	1	0	0
27563.826499999996	0.5709960460662842	0.696088433265686	1210.6506529439393	424.0345464120028	1	1	0	1	0	1	0	1	0	0
27597.839099999997	0.5709960460662842	0.696088433265686	1210.6506529439393	424.0345464120028	1	1	0	1	0	1	0	1	0	0
27631.828999999998	0.5709960460662842	0.696088433265686	1210.6506529439393	424.0345464120028	1	1	0	1	0	1	0	1	0	0
27665.8428	0.5709960460662842	0.696088433265686	1210.6506529439393	424.0345464120028	1	1	0	1	0	1	0	1	0	0
27700.197199999995	0.5709960460662842	0.696088433265686	1210.6506529439393	424.0345464120028	1	1	0	1	0	1	0	1	0	0
27733.997799999997	0.5709960460662842	0.696088433265686	1210.6506529439393	424.0345464120028	1	1	0	1	0	1	0	1	0	0
27768.000799999994	0.5709960460662842	0.696088433265686	1210.6506529439393	424.0345464120028	1	1	0	1	0	1	0	1	0	0
27802.00349999999	0.5709960460662842	0.696088433265686	1210.6506529439393	424.0345464120028	1	1	0	1	0	1	0	1	0	0
27835.754199999996	0.5709960460662842	0.696088433265686	1210.6506529439393	424.0345464120028	1	1	0	1	0	1	0	1	0	0
27869.42229999999	0.5709960460662842	0.696088433265686	1210.6506529439393	424.0345464120028	1	1	0	1	0	1	0	1	0	0
27903.4326	0.5709960460662842	0.696088433265686	1210.6506529439393	424.0345464120028	1	1	0	1	0	1	0	1	0	0
27937.423500000004	0.5709960460662842	0.696088433265686	1210.6506529439393	424.0345464120028	1	1	0	1	0	1	0	1	0	0
27971.407999999996	0.5709960460662842	0.696088433265686	1210.6506529439393	424.0345464120028	1	1	0	1	0	1	0	1	0	0
28005.448600000003	0.5709960460662842	0.696088433265686	1210.6506529439393	424.0345464120028	1	1	0	1	0	1	0	1	0	0
28039.437600000005	0.5709960460662842	0.696088433265686	1210.6506529439393	424.0345464120028	1	1	0	1	0	1	0	1	0	0
28073.514899999995	0.5709960460662842	0.696088433265686	1210.6506529439393	424.0345464120028	1	1	0	1	0	1	0	1	0	0
28107.485199999996	0.5709960460662842	0.696088433265686	1210.6506529439393	424.0345464120028	1	1	0	1	0	1	0	1	0	0
28141.113799999992	0.5709960460662842	0.696088433265686	1210.6506529439393	424.0345464120028	1	1	0	1	0	1	0	1	0	0
28175.112500000003	0.5709960460662842	0.696088433265686	1210.6506529439393	424.0345464120028	1	1	0	1	0	1	0	1	0	0
28209.529599999994	0.5709960460662842	0.696088433265686	1210.6506529439393	424.0345464120028	1	1	0	1	0	1	0	1	0	0
28243.534700000004	0.5709960460662842	0.696088433265686	1210.6506529439393	424.0345464120028	1	1	0	1	0	1	0	1	0	0
28277.579599999997	0.5709960460662842	0.696088433265686	1210.6506529439393	424.0345464120028	1	1	0	1	0	1	0	1	0	0
28311.550699999993	0.5709960460662842	0.696088433265686	1210.6506529439393	424.0345464120028	1	1	0	1	0	1	0	1	0	0
28345.6189	0.5709960460662842	0.696088433265686	1210.6506529439393	424.0345464120028	1	1	0	1	0	1	0	1	0	0
28380.547099999996	0.5709960460662842	0.696088433265686	1210.6506529439393	424.0345464120028	1	1	0	1	0	1	0	1	0	0
28414.58069999999	0.5709960460662842	0.696088433265686	1210.6506529439393	424.0345464120028	1	1	0	1	0	1	0	1	0	0
28448.895099999994	0.5709960460662842	0.696088433265686	1210.6506529439393	424.0345464120028	1	1	0	1	0	1	0	1	0	0
28482.967999999993	0.5709960460662842	0.696088433265686	1210.6506529439393	424.0345464120028	1	1	0	1	0	1	0	1	0	0
28516.730599999995	0.5709960460662842	0.696088433265686	1210.6506529439393	424.0345464120028	1	1	0	1	0	1	0	1	0	0
28550.7439	0.5709960460662842	0.696088433265686	1210.6506529439393	424.0345464120028	1	1	0	1	0	1	0	1	0	0
28584.7396	0.5709960460662842	0.696088433265686	1210.6506529439393	424.0345464120028	1	1	0	1	0	1	0	1	0	0
28618.871199999994	0.5709960460662842	0.696088433265686	1210.6506529439393	424.0345464120028	1	1	0	1	0	1	0	1	0	0
28653.517399999997	0.5709960460662842	0.696088433265686	1210.6506529439393	424.0345464120028	1	1	0	1	0	1	0	1	0	0
28688.24859999999	0.5709960460662842	0.696088433265686	1210.6506529439393	424.0345464120028	1	1	0	1	0	1	0	1	0	0
28722.637499999997	0.5709960460662842	0.696088433265686	1210.6506529439393	424.0345464120028	1	1	0	1	0	1	0	1	0	0
28756.267999999996	0.5709960460662842	0.696088433265686	1210.6506529439393	424.0345464120028	1	1	0	1	0	1	0	1	0	0
28790.897299999997	0.5709960460662842	0.696088433265686	1210.6506529439393	424.0345464120028	1	1	0	1	0	1	0	1	0	0
28825.324500000002	0.5709960460662842	0.696088433265686	1210.6506529439393	424.0345464120028	1	1	0	1	0	1	0	1	0	0
28859.3367	0.5709960460662842	0.696088433265686	1210.6506529439393	424.0345464120028	1	1	0	1	0	1	0	1	0	0
28893.363499999992	0.5709960460662842	0.696088433265686	1210.6506529439393	424.0345464120028	1	1	0	1	0	1	0	1	0	0
28927.668600000005	0.5709960460662842	0.696088433265686	1210.6506529439393	424.0345464120028	1	1	0	1	0	1	0	1	0	0
28961.660600000003	0.5709960460662842	0.696088433265686	1210.6506529439393	424.0345464120028	1	1	0	1	0	1	0	1	0	0
28995.738599999997	0.5709960460662842	0.696088433265686	1210.6506529439393	424.0345464120028	1	1	0	1	0	1	0	1	0	0
29029.716499999995	0.5709960460662842	0.696088433265686	1210.6506529439393	424.0345464120028	1	1	0	1	0	1	0	1	0	0
29063.7564	0.5709960460662842	0.696088433265686	1210.6506529439393	424.0345464120028	1	1	0	1	0	1	0	1	0	0
29097.7194	0.5709960460662842	0.696088433265686	1210.6506529439393	424.0345464120028	1	1	0	1	0	1	0	1	0	0
29131.949599999993	0.5709960460662842	0.696088433265686	1210.6506529439393	424.0345464120028	1	1	0	1	0	1	0	1	0	0
29167.312900000004	0.5709960460662842	0.696088433265686	1210.6506529439393	424.0345464120028	1	1	0	1	0	1	0	1	0	0
29201.481100000005	0.5709960460662842	0.696088433265686	1210.6506529439393	424.0345464120028	1	1	0	1	0	1	0	1	0	0
