0.000000000000000000e+00 0.000000000000000000e+00
0.000000000000000000e+00 0.000000000000000000e+00
0.000000000000000000e+00 0.000000000000000000e+00
0.000000000000000000e+00 0.000000000000000000e+00
0.000000000000000000e+00 0.000000000000000000e+00
0.000000000000000000e+00 0.000000000000000000e+00
0.000000000000000000e+00 0.000000000000000000e+00
0.000000000000000000e+00 0.000000000000000000e+00
0.000000000000000000e+00 0.000000000000000000e+00
0.000000000000000000e+00 0.000000000000000000e+00
0.000000000000000000e+00 0.000000000000000000e+00
0.000000000000000000e+00 0.000000000000000000e+00
0.000000000000000000e+00 0.000000000000000000e+00
0.000000000000000000e+00 0.000000000000000000e+00
0.000000000000000000e+00 0.000000000000000000e+00
0.000000000000000000e+00 0.000000000000000000e+00
0.000000000000000000e+00 0.000000000000000000e+00
0.000000000000000000e+00 0.000000000000000000e+00
0.000000000000000000e+00 0.000000000000000000e+00
0.000000000000000000e+00 0.000000000000000000e+00
0.000000000000000000e+00 0.000000000000000000e+00
0.000000000000000000e+00 0.000000000000000000e+00
0.000000000000000000e+00 0.000000000000000000e+00
0.000000000000000000e+00 0.000000000000000000e+00
5.138031244277954102e-01 9.771331548690795898e-01
5.138031244277954102e-01 9.771331548690795898e-01
4.904116988182067871e-01 9.954606294631958008e-01
4.904116988182067871e-01 9.954606294631958008e-01
4.904116988182067871e-01 9.954606294631958008e-01
4.904116988182067871e-01 9.954606294631958008e-01
4.830488264560699463e-01 9.797354936599731445e-01
4.830488264560699463e-01 9.797354936599731445e-01
4.830488264560699463e-01 9.797354936599731445e-01
4.888332486152648926e-01 9.916379451751708984e-01
4.888332486152648926e-01 9.916379451751708984e-01
4.888332486152648926e-01 9.916379451751708984e-01
4.899769425392150879e-01 1.004757285118103027e+00
4.899769425392150879e-01 1.004757285118103027e+00
4.899769425392150879e-01 1.004757285118103027e+00
4.777351021766662598e-01 1.002163410186767578e+00
4.777351021766662598e-01 1.002163410186767578e+00
4.777351021766662598e-01 1.002163410186767578e+00
4.777351021766662598e-01 1.002163410186767578e+00
5.159677267074584961e-01 9.865609407424926758e-01
5.159677267074584961e-01 9.865609407424926758e-01
4.793915152549743652e-01 9.763196706771850586e-01
4.793915152549743652e-01 9.763196706771850586e-01
4.793915152549743652e-01 9.763196706771850586e-01
4.659005105495452881e-01 9.674875736236572266e-01
4.659005105495452881e-01 9.674875736236572266e-01
4.659005105495452881e-01 9.674875736236572266e-01
5.131849050521850586e-01 9.690295457839965820e-01
5.131849050521850586e-01 9.690295457839965820e-01
5.131849050521850586e-01 9.690295457839965820e-01
5.156581997871398926e-01 9.709539413452148438e-01
5.156581997871398926e-01 9.709539413452148438e-01
5.156581997871398926e-01 9.709539413452148438e-01
4.821245670318603516e-01 9.809494018554687500e-01
4.821245670318603516e-01 9.809494018554687500e-01
4.821245670318603516e-01 9.809494018554687500e-01
4.869213998317718506e-01 9.711178541183471680e-01
4.869213998317718506e-01 9.711178541183471680e-01
4.869213998317718506e-01 9.711178541183471680e-01
4.869213998317718506e-01 9.711178541183471680e-01
4.901832044124603271e-01 9.470498561859130859e-01
4.901832044124603271e-01 9.470498561859130859e-01
4.901832044124603271e-01 9.470498561859130859e-01
4.833528399467468262e-01 9.111632108688354492e-01
4.833528399467468262e-01 9.111632108688354492e-01
4.833528399467468262e-01 9.111632108688354492e-01
4.833528399467468262e-01 9.111632108688354492e-01
4.944871068000793457e-01 8.524712324142456055e-01
4.944871068000793457e-01 8.524712324142456055e-01
4.933122098445892334e-01 8.003889322280883789e-01
4.933122098445892334e-01 8.003889322280883789e-01
4.933122098445892334e-01 8.003889322280883789e-01
4.933122098445892334e-01 8.003889322280883789e-01
4.781140387058258057e-01 7.653985619544982910e-01
4.781140387058258057e-01 7.653985619544982910e-01
4.781140387058258057e-01 7.653985619544982910e-01
4.530528485774993896e-01 7.401030063629150391e-01
4.530528485774993896e-01 7.401030063629150391e-01
4.516796171665191650e-01 7.371877431869506836e-01
4.516796171665191650e-01 7.371877431869506836e-01
4.516796171665191650e-01 7.371877431869506836e-01
4.249780774116516113e-01 7.403641939163208008e-01
4.249780774116516113e-01 7.403641939163208008e-01
4.249780774116516113e-01 7.403641939163208008e-01
4.249780774116516113e-01 7.403641939163208008e-01
4.169908165931701660e-01 7.509279251098632812e-01
4.169908165931701660e-01 7.509279251098632812e-01
4.169908165931701660e-01 7.509279251098632812e-01
4.031867086887359619e-01 7.705061435699462891e-01
4.031867086887359619e-01 7.705061435699462891e-01
4.031867086887359619e-01 7.705061435699462891e-01
4.292075037956237793e-01 7.489956617355346680e-01
4.292075037956237793e-01 7.489956617355346680e-01
4.292075037956237793e-01 7.489956617355346680e-01
4.292075037956237793e-01 7.489956617355346680e-01
4.292075037956237793e-01 7.489956617355346680e-01
4.617201387882232666e-01 7.144449949264526367e-01
4.617201387882232666e-01 7.144449949264526367e-01
4.617201387882232666e-01 7.144449949264526367e-01
5.026842355728149414e-01 7.243118286132812500e-01
5.026842355728149414e-01 7.243118286132812500e-01
5.026842355728149414e-01 7.243118286132812500e-01
5.026842355728149414e-01 7.243118286132812500e-01
5.234343409538269043e-01 7.359766364097595215e-01
5.234343409538269043e-01 7.359766364097595215e-01
5.234343409538269043e-01 7.359766364097595215e-01
5.224336385726928711e-01 7.314763665199279785e-01
5.224336385726928711e-01 7.314763665199279785e-01
5.041102170944213867e-01 7.148847579956054688e-01
5.041102170944213867e-01 7.148847579956054688e-01
5.041102170944213867e-01 7.148847579956054688e-01
5.041102170944213867e-01 7.148847579956054688e-01
4.717157483100891113e-01 6.834050416946411133e-01
4.717157483100891113e-01 6.834050416946411133e-01
4.717157483100891113e-01 6.834050416946411133e-01
4.717157483100891113e-01 6.834050416946411133e-01
4.233825802803039551e-01 7.028009891510009766e-01
4.233825802803039551e-01 7.028009891510009766e-01
4.233825802803039551e-01 7.028009891510009766e-01
3.918887972831726074e-01 7.246967554092407227e-01
3.918887972831726074e-01 7.246967554092407227e-01
3.918887972831726074e-01 7.246967554092407227e-01
3.751253187656402588e-01 7.438646554946899414e-01
3.751253187656402588e-01 7.438646554946899414e-01
3.751253187656402588e-01 7.438646554946899414e-01
3.819218575954437256e-01 7.478903532028198242e-01
3.819218575954437256e-01 7.478903532028198242e-01
3.819218575954437256e-01 7.478903532028198242e-01
3.819218575954437256e-01 7.478903532028198242e-01
4.019580483436584473e-01 7.669827938079833984e-01
4.019580483436584473e-01 7.669827938079833984e-01
4.019580483436584473e-01 7.669827938079833984e-01
4.618430733680725098e-01 7.976768016815185547e-01
4.618430733680725098e-01 7.976768016815185547e-01
4.618430733680725098e-01 7.976768016815185547e-01
4.963330626487731934e-01 8.334723711013793945e-01
4.963330626487731934e-01 8.334723711013793945e-01
4.963330626487731934e-01 8.334723711013793945e-01
5.233871936798095703e-01 8.087986707687377930e-01
5.233871936798095703e-01 8.087986707687377930e-01
5.233871936798095703e-01 8.087986707687377930e-01
5.233871936798095703e-01 8.087986707687377930e-01
5.655221939086914062e-01 7.878088355064392090e-01
5.655221939086914062e-01 7.878088355064392090e-01
5.655221939086914062e-01 7.878088355064392090e-01
