<<<<<<< HEAD
0.000000000000000000e+00 0.000000000000000000e+00 0.000000000000000000e+00 0.000000000000000000e+00 0.000000000000000000e+00 0.000000000000000000e+00 0.000000000000000000e+00 0.000000000000000000e+00 0.000000000000000000e+00 0.000000000000000000e+00
0.000000000000000000e+00 0.000000000000000000e+00 0.000000000000000000e+00 0.000000000000000000e+00 0.000000000000000000e+00 0.000000000000000000e+00 0.000000000000000000e+00 0.000000000000000000e+00 0.000000000000000000e+00 0.000000000000000000e+00
0.000000000000000000e+00 0.000000000000000000e+00 0.000000000000000000e+00 0.000000000000000000e+00 0.000000000000000000e+00 0.000000000000000000e+00 0.000000000000000000e+00 0.000000000000000000e+00 0.000000000000000000e+00 0.000000000000000000e+00
0.000000000000000000e+00 0.000000000000000000e+00 0.000000000000000000e+00 0.000000000000000000e+00 0.000000000000000000e+00 0.000000000000000000e+00 0.000000000000000000e+00 0.000000000000000000e+00 0.000000000000000000e+00 0.000000000000000000e+00
0.000000000000000000e+00 0.000000000000000000e+00 0.000000000000000000e+00 0.000000000000000000e+00 0.000000000000000000e+00 0.000000000000000000e+00 0.000000000000000000e+00 0.000000000000000000e+00 0.000000000000000000e+00 0.000000000000000000e+00
0.000000000000000000e+00 0.000000000000000000e+00 0.000000000000000000e+00 0.000000000000000000e+00 0.000000000000000000e+00 0.000000000000000000e+00 0.000000000000000000e+00 0.000000000000000000e+00 0.000000000000000000e+00 0.000000000000000000e+00
0.000000000000000000e+00 0.000000000000000000e+00 0.000000000000000000e+00 0.000000000000000000e+00 0.000000000000000000e+00 0.000000000000000000e+00 0.000000000000000000e+00 0.000000000000000000e+00 0.000000000000000000e+00 0.000000000000000000e+00
0.000000000000000000e+00 0.000000000000000000e+00 0.000000000000000000e+00 0.000000000000000000e+00 0.000000000000000000e+00 0.000000000000000000e+00 0.000000000000000000e+00 0.000000000000000000e+00 0.000000000000000000e+00 0.000000000000000000e+00
0.000000000000000000e+00 0.000000000000000000e+00 0.000000000000000000e+00 0.000000000000000000e+00 0.000000000000000000e+00 0.000000000000000000e+00 0.000000000000000000e+00 0.000000000000000000e+00 0.000000000000000000e+00 0.000000000000000000e+00
0.000000000000000000e+00 0.000000000000000000e+00 0.000000000000000000e+00 0.000000000000000000e+00 0.000000000000000000e+00 0.000000000000000000e+00 0.000000000000000000e+00 0.000000000000000000e+00 0.000000000000000000e+00 0.000000000000000000e+00
3.710735738277435303e-01 4.985770881175994873e-01 3.241291642189025879e-01 4.287087023258209229e-01 4.056274294853210449e-01 3.931459188461303711e-01 2.175143063068389893e-01 7.049356698989868164e-01 6.028786897659301758e-01 7.037716507911682129e-01
3.710735738277435303e-01 4.985770881175994873e-01 3.241291642189025879e-01 4.287087023258209229e-01 4.056274294853210449e-01 3.931459188461303711e-01 2.175143063068389893e-01 7.049356698989868164e-01 6.028786897659301758e-01 7.037716507911682129e-01
3.272395730018615723e-01 5.327823758125305176e-01 2.921798527240753174e-01 4.559351205825805664e-01 3.683294653892517090e-01 4.291143715381622314e-01 2.296778857707977295e-01 7.211794257164001465e-01 6.270546913146972656e-01 7.074899673461914062e-01
3.272395730018615723e-01 5.327823758125305176e-01 2.921798527240753174e-01 4.559351205825805664e-01 3.683294653892517090e-01 4.291143715381622314e-01 2.296778857707977295e-01 7.211794257164001465e-01 6.270546913146972656e-01 7.074899673461914062e-01
3.272395730018615723e-01 5.327823758125305176e-01 2.921798527240753174e-01 4.559351205825805664e-01 3.683294653892517090e-01 4.291143715381622314e-01 2.296778857707977295e-01 7.211794257164001465e-01 6.270546913146972656e-01 7.074899673461914062e-01
3.272395730018615723e-01 5.327823758125305176e-01 2.921798527240753174e-01 4.559351205825805664e-01 3.683294653892517090e-01 4.291143715381622314e-01 2.296778857707977295e-01 7.211794257164001465e-01 6.270546913146972656e-01 7.074899673461914062e-01
3.272395730018615723e-01 5.327823758125305176e-01 2.921798527240753174e-01 4.559351205825805664e-01 3.683294653892517090e-01 4.291143715381622314e-01 2.296778857707977295e-01 7.211794257164001465e-01 6.270546913146972656e-01 7.074899673461914062e-01
3.484320044517517090e-01 4.797968864440917969e-01 3.044370114803314209e-01 4.118661582469940186e-01 3.831734359264373779e-01 3.795018196105957031e-01 2.209065854549407959e-01 7.307776808738708496e-01 6.269528865814208984e-01 6.955873966217041016e-01
3.484320044517517090e-01 4.797968864440917969e-01 3.044370114803314209e-01 4.118661582469940186e-01 3.831734359264373779e-01 3.795018196105957031e-01 2.209065854549407959e-01 7.307776808738708496e-01 6.269528865814208984e-01 6.955873966217041016e-01
3.617761433124542236e-01 5.374732613563537598e-01 3.197309374809265137e-01 4.557261466979980469e-01 3.957313895225524902e-01 4.284676313400268555e-01 2.120357304811477661e-01 7.330065965652465820e-01 6.154615879058837891e-01 7.118335366249084473e-01
3.617761433124542236e-01 5.374732613563537598e-01 3.197309374809265137e-01 4.557261466979980469e-01 3.957313895225524902e-01 4.284676313400268555e-01 2.120357304811477661e-01 7.330065965652465820e-01 6.154615879058837891e-01 7.118335366249084473e-01
3.617761433124542236e-01 5.374732613563537598e-01 3.197309374809265137e-01 4.557261466979980469e-01 3.957313895225524902e-01 4.284676313400268555e-01 2.120357304811477661e-01 7.330065965652465820e-01 6.154615879058837891e-01 7.118335366249084473e-01
3.381808400154113770e-01 5.255959033966064453e-01 2.972538173198699951e-01 4.438263475894927979e-01 3.785307407379150391e-01 4.135891497135162354e-01 2.060875892639160156e-01 7.416932582855224609e-01 6.204484105110168457e-01 7.107751369476318359e-01
3.381808400154113770e-01 5.255959033966064453e-01 2.972538173198699951e-01 4.438263475894927979e-01 3.785307407379150391e-01 4.135891497135162354e-01 2.060875892639160156e-01 7.416932582855224609e-01 6.204484105110168457e-01 7.107751369476318359e-01
3.381808400154113770e-01 5.255959033966064453e-01 2.972538173198699951e-01 4.438263475894927979e-01 3.785307407379150391e-01 4.135891497135162354e-01 2.060875892639160156e-01 7.416932582855224609e-01 6.204484105110168457e-01 7.107751369476318359e-01
3.457871079444885254e-01 5.253125429153442383e-01 3.033163249492645264e-01 4.402452707290649414e-01 3.862028121948242188e-01 4.093190431594848633e-01 2.150010615587234497e-01 7.403522729873657227e-01 6.240184903144836426e-01 7.066596150398254395e-01
3.457871079444885254e-01 5.253125429153442383e-01 3.033163249492645264e-01 4.402452707290649414e-01 3.862028121948242188e-01 4.093190431594848633e-01 2.150010615587234497e-01 7.403522729873657227e-01 6.240184903144836426e-01 7.066596150398254395e-01
3.457871079444885254e-01 5.253125429153442383e-01 3.033163249492645264e-01 4.402452707290649414e-01 3.862028121948242188e-01 4.093190431594848633e-01 2.150010615587234497e-01 7.403522729873657227e-01 6.240184903144836426e-01 7.066596150398254395e-01
3.569965064525604248e-01 5.330953598022460938e-01 3.136594891548156738e-01 4.507572650909423828e-01 3.998229801654815674e-01 4.187134504318237305e-01 2.194906771183013916e-01 7.412616014480590820e-01 6.206637620925903320e-01 7.110922932624816895e-01
3.569965064525604248e-01 5.330953598022460938e-01 3.136594891548156738e-01 4.507572650909423828e-01 3.998229801654815674e-01 4.187134504318237305e-01 2.194906771183013916e-01 7.412616014480590820e-01 6.206637620925903320e-01 7.110922932624816895e-01
3.682466149330139160e-01 4.713523387908935547e-01 3.375351428985595703e-01 4.003134965896606445e-01 4.050622880458831787e-01 3.850793540477752686e-01 2.155892550945281982e-01 7.238550782203674316e-01 6.058856248855590820e-01 7.276906371116638184e-01
3.682466149330139160e-01 4.713523387908935547e-01 3.375351428985595703e-01 4.003134965896606445e-01 4.050622880458831787e-01 3.850793540477752686e-01 2.155892550945281982e-01 7.238550782203674316e-01 6.058856248855590820e-01 7.276906371116638184e-01
3.682466149330139160e-01 4.713523387908935547e-01 3.375351428985595703e-01 4.003134965896606445e-01 4.050622880458831787e-01 3.850793540477752686e-01 2.155892550945281982e-01 7.238550782203674316e-01 6.058856248855590820e-01 7.276906371116638184e-01
3.507134318351745605e-01 4.617290496826171875e-01 3.248767256736755371e-01 3.897352516651153564e-01 3.979636728763580322e-01 3.757146596908569336e-01 2.615627050399780273e-01 6.984212994575500488e-01 6.120622158050537109e-01 7.003061771392822266e-01
3.507134318351745605e-01 4.617290496826171875e-01 3.248767256736755371e-01 3.897352516651153564e-01 3.979636728763580322e-01 3.757146596908569336e-01 2.615627050399780273e-01 6.984212994575500488e-01 6.120622158050537109e-01 7.003061771392822266e-01
3.507134318351745605e-01 4.617290496826171875e-01 3.248767256736755371e-01 3.897352516651153564e-01 3.979636728763580322e-01 3.757146596908569336e-01 2.615627050399780273e-01 6.984212994575500488e-01 6.120622158050537109e-01 7.003061771392822266e-01
3.507134318351745605e-01 4.617290496826171875e-01 3.248767256736755371e-01 3.897352516651153564e-01 3.979636728763580322e-01 3.757146596908569336e-01 2.615627050399780273e-01 6.984212994575500488e-01 6.120622158050537109e-01 7.003061771392822266e-01
3.298316001892089844e-01 5.423430204391479492e-01 3.102371990680694580e-01 4.505037069320678711e-01 3.710336089134216309e-01 4.519294202327728271e-01 2.679501175880432129e-01 6.944774985313415527e-01 6.259772777557373047e-01 7.348391413688659668e-01
3.298316001892089844e-01 5.423430204391479492e-01 3.102371990680694580e-01 4.505037069320678711e-01 3.710336089134216309e-01 4.519294202327728271e-01 2.679501175880432129e-01 6.944774985313415527e-01 6.259772777557373047e-01 7.348391413688659668e-01
3.298316001892089844e-01 5.423430204391479492e-01 3.102371990680694580e-01 4.505037069320678711e-01 3.710336089134216309e-01 4.519294202327728271e-01 2.679501175880432129e-01 6.944774985313415527e-01 6.259772777557373047e-01 7.348391413688659668e-01
3.298316001892089844e-01 5.423430204391479492e-01 3.102371990680694580e-01 4.505037069320678711e-01 3.710336089134216309e-01 4.519294202327728271e-01 2.679501175880432129e-01 6.944774985313415527e-01 6.259772777557373047e-01 7.348391413688659668e-01
3.429490625858306885e-01 5.065695047378540039e-01 3.205054104328155518e-01 4.304043948650360107e-01 3.695446550846099854e-01 4.201134443283081055e-01 2.964648008346557617e-01 7.356780767440795898e-01 6.249450445175170898e-01 7.241768836975097656e-01
3.429490625858306885e-01 5.065695047378540039e-01 3.205054104328155518e-01 4.304043948650360107e-01 3.695446550846099854e-01 4.201134443283081055e-01 2.964648008346557617e-01 7.356780767440795898e-01 6.249450445175170898e-01 7.241768836975097656e-01
3.854556381702423096e-01 4.796049892902374268e-01 3.495479524135589600e-01 3.902558982372283936e-01 4.278436303138732910e-01 3.877471387386322021e-01 2.494975030422210693e-01 7.077037096023559570e-01 6.245870590209960938e-01 7.072361707687377930e-01
3.854556381702423096e-01 4.796049892902374268e-01 3.495479524135589600e-01 3.902558982372283936e-01 4.278436303138732910e-01 3.877471387386322021e-01 2.494975030422210693e-01 7.077037096023559570e-01 6.245870590209960938e-01 7.072361707687377930e-01
3.854556381702423096e-01 4.796049892902374268e-01 3.495479524135589600e-01 3.902558982372283936e-01 4.278436303138732910e-01 3.877471387386322021e-01 2.494975030422210693e-01 7.077037096023559570e-01 6.245870590209960938e-01 7.072361707687377930e-01
3.854556381702423096e-01 4.796049892902374268e-01 3.495479524135589600e-01 3.902558982372283936e-01 4.278436303138732910e-01 3.877471387386322021e-01 2.494975030422210693e-01 7.077037096023559570e-01 6.245870590209960938e-01 7.072361707687377930e-01
4.708366990089416504e-01 3.637310564517974854e-01 4.328340888023376465e-01 2.841794490814208984e-01 5.056275129318237305e-01 2.843350172042846680e-01 2.570061683654785156e-01 7.213883399963378906e-01 6.763933300971984863e-01 7.062310576438903809e-01
4.708366990089416504e-01 3.637310564517974854e-01 4.328340888023376465e-01 2.841794490814208984e-01 5.056275129318237305e-01 2.843350172042846680e-01 2.570061683654785156e-01 7.213883399963378906e-01 6.763933300971984863e-01 7.062310576438903809e-01
4.708366990089416504e-01 3.637310564517974854e-01 4.328340888023376465e-01 2.841794490814208984e-01 5.056275129318237305e-01 2.843350172042846680e-01 2.570061683654785156e-01 7.213883399963378906e-01 6.763933300971984863e-01 7.062310576438903809e-01
4.795861840248107910e-01 5.033234357833862305e-01 4.525284767150878906e-01 4.224667549133300781e-01 5.228181481361389160e-01 4.117857217788696289e-01 3.242636919021606445e-01 7.653157711029052734e-01 7.405397891998291016e-01 7.898931503295898438e-01
4.795861840248107910e-01 5.033234357833862305e-01 4.525284767150878906e-01 4.224667549133300781e-01 5.228181481361389160e-01 4.117857217788696289e-01 3.242636919021606445e-01 7.653157711029052734e-01 7.405397891998291016e-01 7.898931503295898438e-01
5.423321723937988281e-01 4.735317230224609375e-01 5.092077851295471191e-01 3.801153898239135742e-01 5.744398236274719238e-01 3.811812400817871094e-01 3.349685668945312500e-01 8.271306157112121582e-01 7.607585191726684570e-01 7.855384945869445801e-01
5.423321723937988281e-01 4.735317230224609375e-01 5.092077851295471191e-01 3.801153898239135742e-01 5.744398236274719238e-01 3.811812400817871094e-01 3.349685668945312500e-01 8.271306157112121582e-01 7.607585191726684570e-01 7.855384945869445801e-01
5.423321723937988281e-01 4.735317230224609375e-01 5.092077851295471191e-01 3.801153898239135742e-01 5.744398236274719238e-01 3.811812400817871094e-01 3.349685668945312500e-01 8.271306157112121582e-01 7.607585191726684570e-01 7.855384945869445801e-01
5.423321723937988281e-01 4.735317230224609375e-01 5.092077851295471191e-01 3.801153898239135742e-01 5.744398236274719238e-01 3.811812400817871094e-01 3.349685668945312500e-01 8.271306157112121582e-01 7.607585191726684570e-01 7.855384945869445801e-01
=======
0.000000000000000000e+00 0.000000000000000000e+00
0.000000000000000000e+00 0.000000000000000000e+00
0.000000000000000000e+00 0.000000000000000000e+00
0.000000000000000000e+00 0.000000000000000000e+00
0.000000000000000000e+00 0.000000000000000000e+00
0.000000000000000000e+00 0.000000000000000000e+00
0.000000000000000000e+00 0.000000000000000000e+00
0.000000000000000000e+00 0.000000000000000000e+00
0.000000000000000000e+00 0.000000000000000000e+00
0.000000000000000000e+00 0.000000000000000000e+00
0.000000000000000000e+00 0.000000000000000000e+00
0.000000000000000000e+00 0.000000000000000000e+00
0.000000000000000000e+00 0.000000000000000000e+00
0.000000000000000000e+00 0.000000000000000000e+00
0.000000000000000000e+00 0.000000000000000000e+00
0.000000000000000000e+00 0.000000000000000000e+00
0.000000000000000000e+00 0.000000000000000000e+00
0.000000000000000000e+00 0.000000000000000000e+00
0.000000000000000000e+00 0.000000000000000000e+00
0.000000000000000000e+00 0.000000000000000000e+00
0.000000000000000000e+00 0.000000000000000000e+00
0.000000000000000000e+00 0.000000000000000000e+00
0.000000000000000000e+00 0.000000000000000000e+00
0.000000000000000000e+00 0.000000000000000000e+00
0.000000000000000000e+00 0.000000000000000000e+00
0.000000000000000000e+00 0.000000000000000000e+00
0.000000000000000000e+00 0.000000000000000000e+00
0.000000000000000000e+00 0.000000000000000000e+00
0.000000000000000000e+00 0.000000000000000000e+00
4.672341942787170410e-01 7.495729923248291016e-01
4.672341942787170410e-01 7.495729923248291016e-01
4.672341942787170410e-01 7.495729923248291016e-01
4.672341942787170410e-01 7.495729923248291016e-01
4.672341942787170410e-01 7.495729923248291016e-01
4.672341942787170410e-01 7.495729923248291016e-01
4.672341942787170410e-01 7.495729923248291016e-01
4.672341942787170410e-01 7.495729923248291016e-01
4.672341942787170410e-01 7.495729923248291016e-01
4.677467346191406250e-01 7.595024108886718750e-01
4.677467346191406250e-01 7.595024108886718750e-01
4.677467346191406250e-01 7.595024108886718750e-01
4.677467346191406250e-01 7.595024108886718750e-01
4.677467346191406250e-01 7.595024108886718750e-01
4.677467346191406250e-01 7.595024108886718750e-01
4.677467346191406250e-01 7.595024108886718750e-01
4.782348573207855225e-01 7.561222314834594727e-01
4.782348573207855225e-01 7.561222314834594727e-01
4.782348573207855225e-01 7.561222314834594727e-01
4.782348573207855225e-01 7.561222314834594727e-01
4.782348573207855225e-01 7.561222314834594727e-01
4.782348573207855225e-01 7.561222314834594727e-01
4.782348573207855225e-01 7.561222314834594727e-01
4.782348573207855225e-01 7.561222314834594727e-01
4.745023846626281738e-01 7.530353069305419922e-01
4.745023846626281738e-01 7.530353069305419922e-01
4.745023846626281738e-01 7.530353069305419922e-01
4.745023846626281738e-01 7.530353069305419922e-01
4.745023846626281738e-01 7.530353069305419922e-01
4.745023846626281738e-01 7.530353069305419922e-01
4.816716611385345459e-01 7.479896545410156250e-01
4.816716611385345459e-01 7.479896545410156250e-01
4.816716611385345459e-01 7.479896545410156250e-01
4.816716611385345459e-01 7.479896545410156250e-01
4.816716611385345459e-01 7.479896545410156250e-01
4.816716611385345459e-01 7.479896545410156250e-01
4.726386070251464844e-01 7.532067894935607910e-01
4.726386070251464844e-01 7.532067894935607910e-01
4.726386070251464844e-01 7.532067894935607910e-01
4.726386070251464844e-01 7.532067894935607910e-01
4.726386070251464844e-01 7.532067894935607910e-01
4.726386070251464844e-01 7.532067894935607910e-01
4.726386070251464844e-01 7.532067894935607910e-01
4.747323989868164062e-01 7.492650747299194336e-01
4.747323989868164062e-01 7.492650747299194336e-01
4.747323989868164062e-01 7.492650747299194336e-01
4.747323989868164062e-01 7.492650747299194336e-01
4.747323989868164062e-01 7.492650747299194336e-01
4.747323989868164062e-01 7.492650747299194336e-01
4.747323989868164062e-01 7.492650747299194336e-01
4.492657780647277832e-01 7.223867177963256836e-01
4.492657780647277832e-01 7.223867177963256836e-01
4.492657780647277832e-01 7.223867177963256836e-01
4.492657780647277832e-01 7.223867177963256836e-01
4.492657780647277832e-01 7.223867177963256836e-01
4.492657780647277832e-01 7.223867177963256836e-01
4.492657780647277832e-01 7.223867177963256836e-01
4.492657780647277832e-01 7.223867177963256836e-01
4.192940592765808105e-01 7.272130250930786133e-01
4.192940592765808105e-01 7.272130250930786133e-01
4.192940592765808105e-01 7.272130250930786133e-01
4.192940592765808105e-01 7.272130250930786133e-01
4.192940592765808105e-01 7.272130250930786133e-01
4.192940592765808105e-01 7.272130250930786133e-01
4.192940592765808105e-01 7.272130250930786133e-01
4.192940592765808105e-01 7.272130250930786133e-01
4.116908907890319824e-01 7.260329723358154297e-01
4.116908907890319824e-01 7.260329723358154297e-01
4.116908907890319824e-01 7.260329723358154297e-01
4.116908907890319824e-01 7.260329723358154297e-01
4.116908907890319824e-01 7.260329723358154297e-01
4.116908907890319824e-01 7.260329723358154297e-01
4.116908907890319824e-01 7.260329723358154297e-01
4.116908907890319824e-01 7.260329723358154297e-01
4.484964013099670410e-01 7.402703762054443359e-01
4.484964013099670410e-01 7.402703762054443359e-01
4.484964013099670410e-01 7.402703762054443359e-01
4.484964013099670410e-01 7.402703762054443359e-01
4.484964013099670410e-01 7.402703762054443359e-01
4.484964013099670410e-01 7.402703762054443359e-01
4.484964013099670410e-01 7.402703762054443359e-01
4.810110032558441162e-01 7.464876174926757812e-01
4.810110032558441162e-01 7.464876174926757812e-01
4.810110032558441162e-01 7.464876174926757812e-01
4.810110032558441162e-01 7.464876174926757812e-01
4.810110032558441162e-01 7.464876174926757812e-01
4.810110032558441162e-01 7.464876174926757812e-01
4.810110032558441162e-01 7.464876174926757812e-01
4.810110032558441162e-01 7.464876174926757812e-01
4.671528339385986328e-01 7.520654201507568359e-01
4.671528339385986328e-01 7.520654201507568359e-01
4.671528339385986328e-01 7.520654201507568359e-01
4.671528339385986328e-01 7.520654201507568359e-01
4.671528339385986328e-01 7.520654201507568359e-01
4.671528339385986328e-01 7.520654201507568359e-01
4.671528339385986328e-01 7.520654201507568359e-01
4.671528339385986328e-01 7.520654201507568359e-01
4.381217956542968750e-01 7.301535010337829590e-01
4.381217956542968750e-01 7.301535010337829590e-01
4.381217956542968750e-01 7.301535010337829590e-01
4.381217956542968750e-01 7.301535010337829590e-01
4.381217956542968750e-01 7.301535010337829590e-01
4.381217956542968750e-01 7.301535010337829590e-01
4.381217956542968750e-01 7.301535010337829590e-01
4.381217956542968750e-01 7.301535010337829590e-01
4.173079133033752441e-01 7.331867218017578125e-01
4.173079133033752441e-01 7.331867218017578125e-01
4.173079133033752441e-01 7.331867218017578125e-01
4.173079133033752441e-01 7.331867218017578125e-01
4.173079133033752441e-01 7.331867218017578125e-01
4.173079133033752441e-01 7.331867218017578125e-01
4.594500958919525146e-01 7.219310998916625977e-01
4.594500958919525146e-01 7.219310998916625977e-01
4.594500958919525146e-01 7.219310998916625977e-01
4.594500958919525146e-01 7.219310998916625977e-01
4.594500958919525146e-01 7.219310998916625977e-01
4.594500958919525146e-01 7.219310998916625977e-01
4.594500958919525146e-01 7.219310998916625977e-01
>>>>>>> 4d6bb92000e9447f3253c6386fe563f527241e35
